100 31415.92
49.901 3.140 0.50
49.606 6.267 1.00
49.114 9.369 1.50
48.429 12.434 2.00
47.553 15.451 2.50
46.489 18.406 3.00
45.241 21.289 3.50
43.815 24.088 4.00
42.216 26.791 4.50
40.451 29.389 5.00
38.526 31.871 5.50
36.448 34.227 6.00
34.227 36.448 6.50
31.871 38.526 7.00
29.389 40.451 7.50
26.791 42.216 8.00
24.088 43.815 8.50
21.289 45.241 9.00
18.406 46.489 9.50
15.451 47.553 10.00
12.435 48.429 10.50
9.369 49.114 11.00
6.267 49.606 11.50
3.140 49.901 12.00
0.000 50.000 12.50
-3.140 49.901 13.00
-6.267 49.606 13.50
-9.369 49.114 14.00
-12.434 48.429 14.50
-15.451 47.553 15.00
-18.406 46.489 15.50
-21.289 45.241 16.00
-24.088 43.815 16.50
-26.791 42.216 17.00
-29.389 40.451 17.50
-31.871 38.526 18.00
-34.227 36.448 18.50
-36.448 34.227 19.00
-38.526 31.871 19.50
-40.451 29.389 20.00
-42.216 26.791 20.50
-43.815 24.088 21.00
-45.241 21.289 21.50
-46.489 18.406 22.00
-47.553 15.451 22.50
-48.429 12.435 23.00
-49.114 9.369 23.50
-49.606 6.267 24.00
-49.901 3.140 24.50
-50.000 0.000 25.00
-49.901 -3.139 25.50
-49.606 -6.267 26.00
-49.114 -9.369 26.50
-48.429 -12.434 27.00
-47.553 -15.451 27.50
-46.489 -18.406 28.00
-45.241 -21.289 28.50
-43.815 -24.088 29.00
-42.216 -26.791 29.50
-40.451 -29.389 30.00
-38.526 -31.871 30.50
-36.448 -34.227 31.00
-34.227 -36.448 31.50
-31.871 -38.526 32.00
-29.389 -40.451 32.50
-26.791 -42.216 33.00
-24.088 -43.815 33.50
-21.289 -45.241 34.00
-18.406 -46.489 34.50
-15.451 -47.553 35.00
-12.435 -48.429 35.50
-9.369 -49.114 36.00
-6.267 -49.606 36.50
-3.140 -49.901 37.00
-0.000 -50.000 37.50
3.139 -49.901 38.00
6.267 -49.606 38.50
9.369 -49.114 39.00
12.434 -48.429 39.50
15.451 -47.553 40.00
18.406 -46.489 40.50
21.289 -45.241 41.00
24.088 -43.815 41.50
26.791 -42.216 42.00
29.389 -40.451 42.50
31.871 -38.526 43.00
34.227 -36.448 43.50
36.448 -34.227 44.00
38.526 -31.871 44.50
40.451 -29.389 45.00
42.216 -26.791 45.50
43.815 -24.088 46.00
45.241 -21.289 46.50
46.489 -18.406 47.00
47.553 -15.451 47.50
48.429 -12.435 48.00
49.114 -9.369 48.50
49.606 -6.267 49.00
49.901 -3.140 49.50
50.000 -0.000 50.00
