100 31415.92
49.901 3.140 5.00
49.606 6.267 5.00
49.114 9.369 5.00
48.429 12.434 5.00
47.553 15.451 5.00
46.489 18.406 5.00
45.241 21.289 5.00
43.815 24.088 5.00
42.216 26.791 5.00
40.451 29.389 5.00
38.526 31.871 5.00
36.448 34.227 5.00
34.227 36.448 5.00
31.871 38.526 5.00
29.389 40.451 5.00
26.791 42.216 5.00
24.088 43.815 5.00
21.289 45.241 5.00
18.406 46.489 5.00
15.451 47.553 5.00
12.435 48.429 5.00
9.369 49.114 5.00
6.267 49.606 5.00
3.140 49.901 5.00
0.000 50.000 5.00
-3.140 49.901 5.00
-6.267 49.606 5.00
-9.369 49.114 5.00
-12.434 48.429 5.00
-15.451 47.553 5.00
-18.406 46.489 5.00
-21.289 45.241 5.00
-24.088 43.815 5.00
-26.791 42.216 5.00
-29.389 40.451 5.00
-31.871 38.526 5.00
-34.227 36.448 5.00
-36.448 34.227 5.00
-38.526 31.871 5.00
-40.451 29.389 5.00
-42.216 26.791 5.00
-43.815 24.088 5.00
-45.241 21.289 5.00
-46.489 18.406 5.00
-47.553 15.451 5.00
-48.429 12.435 5.00
-49.114 9.369 5.00
-49.606 6.267 5.00
-49.901 3.140 5.00
-50.000 0.000 5.00
-49.901 -3.139 5.00
-49.606 -6.267 5.00
-49.114 -9.369 5.00
-48.429 -12.434 5.00
-47.553 -15.451 5.00
-46.489 -18.406 5.00
-45.241 -21.289 5.00
-43.815 -24.088 5.00
-42.216 -26.791 5.00
-40.451 -29.389 5.00
-38.526 -31.871 5.00
-36.448 -34.227 5.00
-34.227 -36.448 5.00
-31.871 -38.526 5.00
-29.389 -40.451 5.00
-26.791 -42.216 5.00
-24.088 -43.815 5.00
-21.289 -45.241 5.00
-18.406 -46.489 5.00
-15.451 -47.553 5.00
-12.435 -48.429 5.00
-9.369 -49.114 5.00
-6.267 -49.606 5.00
-3.140 -49.901 5.00
-0.000 -50.000 5.00
3.139 -49.901 5.00
6.267 -49.606 5.00
9.369 -49.114 5.00
12.434 -48.429 5.00
15.451 -47.553 5.00
18.406 -46.489 5.00
21.289 -45.241 5.00
24.088 -43.815 5.00
26.791 -42.216 5.00
29.389 -40.451 5.00
31.871 -38.526 5.00
34.227 -36.448 5.00
36.448 -34.227 5.00
38.526 -31.871 5.00
40.451 -29.389 5.00
42.216 -26.791 5.00
43.815 -24.088 5.00
45.241 -21.289 5.00
46.489 -18.406 5.00
47.553 -15.451 5.00
48.429 -12.435 5.00
49.114 -9.369 5.00
49.606 -6.267 5.00
49.901 -3.140 5.00
50.000 -0.000 5.00
