22 39650911.44765
-56.78988 376.24577 60.52457
-849.67514 198.07661 19.24914
-804.48122 609.43776 30.08112
639.19475 837.21058 75.93794
-909.69013 -905.68915 25.19425
-944.61178 125.32327 80.08937
517.30567 -26.99543 76.33547
446.51704 487.84666 63.69829
-443.99669 758.01601 20.91661
55.76873 -329.09176 5.13604
-326.92053 974.99698 16.43573
-970.20457 -207.05547 9.65926
-352.27261 -27.27630 14.04095
-184.45194 615.83426 43.66470
-492.27239 44.08493 23.15816
714.50652 -716.87801 83.79963
776.68171 494.73719 16.36339
572.95635 521.20222 50.67557
540.40080 375.68972 25.69667
-547.44424 -339.23978 18.97743
-763.15533 -994.33672 21.91556
328.51296 543.23950 80.43322
