30 178723241.79535
-740.51487 -157.43639 48.41003
4.11977 448.46166 89.67648
541.37089 -507.21839 85.06798
179.39593 -529.22911 65.92012
-922.91852 -120.31960 33.42578
-451.76128 209.54308 7.79540
-287.08584 344.37893 3.95973
839.61175 -885.03516 94.70848
-244.20076 -272.67650 89.21574
877.76301 768.79759 49.07878
-230.69051 845.46867 11.88377
-390.19086 556.30804 16.41477
-901.32186 185.37097 69.06304
595.61733 663.36474 87.95298
-731.23185 -686.06546 53.57919
260.94905 -884.50473 2.10070
470.49899 436.27622 31.09553
-192.75629 236.69906 65.30831
934.15478 562.27400 25.21216
-941.53060 -305.21701 86.83131
-554.86042 -500.52483 92.99393
727.12572 -504.07486 41.68801
450.08425 -135.77074 24.12083
-878.35274 806.40041 18.47164
164.86880 784.16234 67.91810
-144.85176 937.63186 7.44553
-908.72804 -208.59500 63.65097
625.42354 -509.31754 11.51429
729.65492 -777.82053 58.62704
714.04682 -894.69963 38.87114
