28 651760878.39050
825.49683 -740.73884 5.88801
-541.64350 -626.37624 6.43801
-786.45246 313.76982 10.24965
182.74737 -693.75667 71.14469
-525.36681 -165.23371 6.72264
-532.92922 -771.78210 53.72223
162.46485 -636.87421 7.79758
425.48124 330.86437 92.02422
117.85622 101.73753 10.38235
-423.24793 -718.83386 74.12782
811.98974 157.80695 60.62237
36.51763 789.17642 13.01682
-973.85295 -335.61692 96.24323
-580.19072 -782.83605 46.43159
244.12730 35.19190 80.47596
558.47637 -211.68944 66.10781
-883.97795 163.97269 67.77824
-367.51818 -256.12861 94.26243
680.30958 795.87397 74.68342
257.24343 -700.13502 15.20122
56.44011 -625.83799 72.15031
332.64161 -539.25248 59.39857
-754.02977 809.75678 19.48816
-740.67847 410.21058 26.46318
906.19060 -401.81627 53.94309
-535.91005 242.57715 71.82406
118.38714 -358.30511 71.96732
956.40436 697.79619 63.87713
