28 924766749.98281
833.67815 575.42251 84.06832
328.27062 -245.63567 61.87573
-634.59154 671.16739 10.20498
315.84735 636.66663 58.21541
289.89266 563.81108 70.64238
-798.73052 580.24824 12.99166
-718.40553 475.04058 37.09928
723.79140 -468.90227 92.40819
510.79818 347.63992 41.19336
368.42466 -559.17340 65.76029
-447.15826 162.33068 29.84632
407.13358 394.61801 53.01827
768.55746 -233.23317 79.21648
-104.97165 444.63259 36.24998
181.60972 718.42088 89.44732
-400.24585 240.51261 40.52531
-854.53284 419.82136 85.09683
-287.14693 -755.06137 75.41304
107.61351 -536.42033 57.16115
-323.24804 313.42861 2.95950
106.48992 795.23292 89.28341
-824.82855 -363.81236 98.53679
485.63023 -17.93993 73.62553
-36.68459 435.09735 88.65069
-54.01809 392.80855 8.63122
140.90956 906.01175 18.45965
-563.11407 -223.42231 60.93586
-812.96201 -841.40039 79.26149
