22 139337556.27989
713.35746 -26.60308 0.48545
383.07165 -884.54518 93.55719
185.62557 -504.72400 1.53195
967.02748 35.30213 19.62771
72.45571 171.31966 16.08171
806.56423 -782.16123 95.89040
385.78904 635.67906 39.77807
412.12521 507.38177 20.35305
-590.82518 -61.37655 85.63644
-138.80197 -31.73968 47.73890
711.21829 388.75137 94.60679
346.78223 -702.78713 94.50409
-240.10192 -60.78075 85.98763
-506.81402 -47.57505 61.14412
782.58976 995.26135 15.31008
-307.94233 -685.86519 51.69981
958.02710 -176.15581 99.50488
-236.99228 -680.90504 35.68269
-236.97557 660.66992 29.06927
400.58820 621.35914 69.84694
272.99800 742.07214 0.73320
670.09640 -366.89807 90.43813
