28 111822992.31097
-504.06108 -646.13799 74.57935
-149.66443 -55.65051 38.28440
-9.72746 -10.85030 18.35269
-189.85575 377.54863 15.74780
310.60478 -494.38497 38.10539
850.31767 -387.11982 23.51145
-771.25559 -74.78903 12.11191
-914.13464 840.27300 6.61844
-83.07294 414.04432 42.43053
-19.74653 -370.09067 91.91739
-620.89831 925.58023 22.74348
-764.47200 427.33395 84.73488
682.16936 -554.26625 33.60044
-81.85517 -861.26482 39.23524
-916.89039 -652.13020 63.02314
-923.50484 -665.04240 61.33486
772.36284 803.19202 76.74540
-138.03652 -909.39808 3.61544
307.22101 767.81990 81.05191
-806.38335 -924.05804 50.97184
-390.09441 -819.76258 70.17387
-70.89451 -446.12270 10.73827
436.72863 -991.53422 98.01436
-637.63760 -586.27709 42.11943
-875.06033 -111.90792 46.96946
-769.57486 280.87863 69.03792
225.73897 800.04328 71.92596
-951.08843 199.66381 22.20860
