23 323253532.78062
-7380.30390 8848.96033 7822.36650
-6474.22538 -1401.43605 4825.34450
9303.51157 6409.11032 6301.35695
-1769.82560 2335.85598 6243.16297
-3848.94641 -4267.58843 8625.16360
-7440.42268 -9485.09549 8683.39335
-1443.75402 5319.55953 5010.13408
9401.96060 -907.37882 2884.12483
3001.34159 -1559.35409 7519.82238
6930.43489 2393.98220 4982.48720
182.49240 -6401.00833 5548.86211
4668.07337 6444.06982 2216.99612
-4196.75945 -7596.96050 4767.68075
6404.80959 4366.73558 4625.07764
-1682.66609 -6730.82425 5188.15464
7207.01543 -5507.55673 1295.13362
2505.11179 8983.20520 2073.28132
9662.40580 -3611.03342 6288.17114
2138.48084 1888.68195 4168.78509
6715.21446 -3035.19848 2305.37351
-2913.32919 -995.57635 4884.37003
-6541.84220 -4374.76859 3322.11224
-8219.96707 -2677.41765 6969.77722
