25 869950677.41910
6630.32050 -2939.44893 6261.60717
-5577.25373 7539.35538 1018.11709
8816.18403 6856.95081 5298.44129
1894.67949 9242.32126 2101.71277
-7264.42964 -1481.36767 9273.11640
-9582.21161 9663.00725 4494.15670
3673.02734 -2280.19450 133.44490
4249.80751 -4648.67327 946.00031
-808.75522 1142.67550 6096.50160
-1361.51634 -6312.19072 101.77228
4936.51995 -6955.48662 8969.14000
-1103.22974 1000.39966 5585.89688
3749.42040 -5986.96419 7598.73299
-5446.04236 -8897.55234 466.70847
-1662.71000 7845.73500 1419.18223
-4048.36314 -8483.41840 5475.11873
-7846.57305 8855.60713 7276.43196
3213.00395 -6428.77312 190.37477
-5133.55327 -6906.23015 1170.14427
2845.06865 4540.18808 2548.72383
586.68698 -7105.38890 4276.41384
-6814.05340 6129.16620 5908.89991
4020.72928 -1050.93574 535.16500
1172.32505 -3842.34462 4337.01518
-750.06019 -6297.84975 7943.00675
