16 121450754.42333
-6290.56721 8449.04933 4806.35555
4142.86415 -4982.14081 4119.23804
-4470.93627 1713.41488 5684.39179
-1344.62040 -895.82210 5417.43493
-1316.03977 8301.95790 9128.45699
-1025.26098 -5604.44831 6613.95463
-809.06007 6320.92458 8984.61486
-4459.44103 981.19809 4289.74574
3064.08889 -9290.20462 9315.45420
6121.46185 -3421.24145 9534.62682
6152.05639 -3160.28459 3183.68555
-2179.28251 926.64317 7046.60276
-679.40854 -5867.01767 7746.48759
6248.89107 6196.24242 6101.79032
-445.93692 6004.71319 8243.89369
-310.67788 1094.78752 9019.93935
