23 383225593.03719
7087.90827 -1487.98446 4220.01292
524.51938 -4892.61169 9663.03530
-4918.06541 -1623.06653 6625.82729
-6251.06698 9241.60757 5181.83540
-9272.03902 -8063.88817 5711.64109
6793.16676 715.00358 6742.26054
-312.31287 -8029.92186 2034.25806
5834.79004 -5892.20326 7702.33792
1062.58727 8181.83804 5900.05771
-7473.25983 -177.83559 1346.93373
9611.56583 -9231.64861 634.41787
1399.61447 5046.59219 4988.77186
5212.47461 305.32468 3543.72228
-4645.83097 8805.58521 1098.25574
-4975.96115 -3733.59324 5480.90878
-4492.52136 -3758.42493 4692.20000
4822.16082 -5764.91282 5421.46700
-2104.89002 3478.13300 6383.21822
-7748.10377 -4128.74541 8959.89420
-4398.11993 -1730.29354 5725.19683
-7033.28952 -8760.99106 1849.38535
-9920.48737 -3331.68701 6305.90463
5691.62331 -9945.05659 4372.47014
