28 814894213.90827
-962.44268 -4620.69521 2353.71800
-5545.31777 -4204.90170 4699.03443
4922.44610 4879.43738 5739.74658
6099.80158 -5981.19325 4933.81937
5247.14063 -5022.53419 1232.68971
-3337.16419 2016.39414 7035.80571
-2510.96903 -7449.03946 7979.27670
-3348.54103 7514.29013 2522.79413
-1303.29470 -7033.23137 5349.27321
749.77090 206.91371 1730.78410
7396.45870 930.46975 7076.77677
5581.87594 -9258.01180 7113.87843
7745.12080 3360.37222 6035.41432
-796.90862 -9643.18622 403.83652
143.61840 356.95150 7459.59173
182.56689 -6819.11456 1273.74288
-8369.12318 -4814.85578 3770.82027
1710.82941 6056.01739 41.06173
6073.54505 -7331.96981 8322.09052
-4294.63540 6667.70088 8482.44056
-1372.04834 -6898.65755 3612.14018
7779.54449 -2590.58429 9831.14723
336.91001 -6987.31821 953.64277
-1281.38552 -7444.41925 1506.31652
-4345.58898 -1855.45199 5916.36985
1483.64360 -2451.03513 2432.69082
-6594.01602 3418.99502 8721.24470
-2683.60710 -9859.30811 8450.38213
