17 650346850.95657
7660.05403 -1955.51006 9687.54762
3062.60224 -4798.50603 6898.33969
1969.19189 -3697.91145 8053.49319
-1483.17236 4219.03875 976.25379
6440.10579 -7648.33137 3094.46571
1235.78045 1117.74149 4030.67626
6725.52986 -6957.77883 247.08469
3169.08858 -6493.92720 3591.99000
1860.62161 764.76673 4637.47459
6574.79943 -2575.49815 3607.32768
655.69567 6584.35481 3792.58500
-6668.27841 7431.17356 5430.83653
8218.63771 -3882.81336 5371.69352
8603.70525 1659.62565 6996.69146
4381.51593 -9464.36536 80.67829
1409.09128 3102.01076 5536.92575
-6697.57729 -9173.25278 7693.09820
