70 205578436.443202959
5483.412970614122731 2575.581616239062170 1268.523155825207395
-2891.697963789106721 2843.234312908047205 760.048680016993113
9479.090341220757013 5663.346922713409587 1334.979047184488812
-9421.025053514544836 -1853.957441217161424 1821.433587728968909
4902.488947859357277 -9440.045227479853518 908.153086416310991
-6913.401573862830535 -6160.876787369949827 910.940590774707296
4126.461586973520879 4878.142408469906533 1518.391916413827405
-7069.509600492953857 7196.442637083659581 947.140350194361310
-323.246907505181517 2970.114715651745958 848.552642201295420
-1109.576871747517304 7209.882749921580440 1962.737041095495763
-9780.360612237308629 -5855.748439170897275 1797.473456761812875
3372.713123366301200 6634.250969212364010 372.041993607158734
-5348.151808496568949 6436.636292243186794 143.267694656585062
-5809.378140141171211 5883.137229486616904 1975.238862461733798
-3055.108879751735563 7849.648332108963937 928.611063287932714
2887.119417058632720 9857.647737902549816 547.695670839799420
9988.952425583384603 -5848.643651616124420 923.274660413143938
-6062.188944665897517 9212.816053850853489 1078.210364024929208
-2874.902250613901967 6607.994008388328072 1487.261281795776253
7443.963162848341419 3370.738134167551704 1279.257790094977834
-7566.768774598065622 -2095.604640597935204 935.067971869339357
-7339.625603155225408 4063.709201142666324 123.605964661337581
342.528333605704960 -7380.880592465546898 14.729968197490056
-7178.944293520751416 370.810436537316163 1461.117450050792140
1729.446884537832069 -9164.048652147903378 975.698228308066464
-5701.214858962894084 6143.197736335040116 0.875847038036892
-3708.009554251754465 -4539.327057651770911 78.635832383663214
-3565.271706135579632 -1063.004331467343561 817.152652043360342
4145.216385290659128 -4841.464806055136489 1358.848708970666543
3922.175800685022745 4368.330035819693189 1961.520557102243781
-4462.957329530470123 9802.914499770833977 1752.017108106145913
8665.672251521270215 -3661.955771433688668 1438.450353845501162
6813.899907760666368 -8843.425579861186748 1117.419902631282162
-3589.185933974137531 -733.678549665561142 260.074434609726746
-8034.496645775177664 8061.234520088556297 1582.860932085265968
-8462.520537139836854 -3307.815203529775019 61.469754118825435
7608.767062111561861 -4409.122590943559469 1619.571842916652642
-1244.823003398183594 -8921.912256006924063 176.639651603978298
-6400.894800437035923 5552.171815322684702 1899.972690009822550
-1465.332669626165635 -7603.568469105834959 1832.664301090419912
9072.043775613780597 7903.376021900976913 935.077027620191135
-2535.572534249429573 -3697.956618422390414 1440.959338722443732
-2652.076567928514457 6952.764108509786091 1106.779153597658778
-2490.435055253466639 -7507.691999463168824 1808.216861348377342
-7689.810820904681778 -3295.189303836846874 1428.179016208405606
8290.732019179742696 1425.846934403791078 727.795276949376362
2210.468678557165703 8821.710788845816780 453.826286609689453
2670.286987368740261 9850.875686600665349 1257.166298131533437
5132.036364270425023 9672.885983397788196 1270.570248777551171
6922.484479133528756 -354.755596597889882 1640.767926933735329
882.831392294255117 -7262.832131156550256 1587.601906024752398
1763.837890467955440 6578.940350096710981 40.387960632490714
8021.454578853042656 7447.408911814837030 1109.356708054680235
5180.276455488487405 -1030.916332535565687 171.298000346503677
5464.490138323127315 -9635.393095896568808 1600.790653010384981
-3418.890288613723049 -1555.319330742840498 1715.823353832149984
-5545.213640676092872 6017.743785314135979 1871.239262892773005
-5127.479399562100236 5076.371007383546717 1849.526465674496945
2029.891017176080561 -58.018405198866374 124.292077998537103
8131.945693190047443 6348.133430989818261 481.298724656119577
-5327.940558909547728 1992.844667907630445 1343.839591811969323
-3215.400064338235446 1891.415144151504419 814.795046490601185
6143.147124831988795 -9522.830640504308030 69.411757132012747
-56.043591452344281 -433.499798893040998 1629.195685303214064
-6611.497196911231127 5062.720203549475422 1178.931806553916547
6496.139531218952720 -8873.459357140308133 1629.858698171484474
-1599.928887979446712 -2048.127608899199670 1000.612009735997708
-9572.339042312709709 4968.263405730799648 135.025489444989860
-8522.398133085073895 1558.531780528132496 1704.965925072875382
-3053.270792879297135 2296.190028453549392 225.830046100130533
