19 733896868.707149605
-1615.348305660919923 -7323.678751125881729 394.207747169398837
-3019.600727256847545 8788.290589766439645 584.468831113824246
-8554.287767148578442 3315.022160929037206 994.851205782594661
-8637.254006212639408 -871.258240329020506 1955.323727414830038
-8694.846631949153298 -2114.214387599280107 1137.039133501060760
-5089.186996509415179 -9314.154112738897156 1420.095210814720843
-3983.788198432568245 -575.167441016221187 1726.053356551503579
-4020.459655442911255 9768.293202768390073 1723.413075083442536
6290.894933473298089 -5299.889939231806824 1045.194733182593571
1708.075624799153577 -5800.024968933452650 482.149776650017330
-5843.032828840550257 8350.372882645795931 966.860676971854342
-7802.968730127617114 7291.607287168927377 1445.680693659085806
-4494.856852623468037 -4131.914194812893678 1278.541142287494865
5452.162647715065797 -4129.324431931008791 595.941687265497103
-458.561933174023725 5680.486242113592168 1360.739414833998819
-9158.645753247916680 3647.338620622131532 714.292550483254784
146.053157972865979 -652.656033002325512 993.751187553265336
-5257.570453856983461 -978.167319588025480 614.916383266373638
-7257.902494108345347 -8729.206687882947345 1516.910287503200037
