70 792955738.874879706
-9150.254306987282611 -731.985095859118211 805.389855507343416
-5149.793113979330312 -524.367547313444626 1447.463246844021238
820.694851180177030 7914.633541997405554 1092.593991693109492
5043.723017421537633 9813.750656141805684 1508.987011286424805
-6548.593256384533365 -2992.566644477064480 1087.644969359661921
8939.939844613052195 -8403.211139038214708 376.440942017794617
-8057.317101929946279 -6965.255948148784012 1612.424842850653421
-5067.457781700942649 8676.570757257646316 249.110785790524992
4790.666086526842201 -3650.582320587458740 1654.127972288688030
-5233.168340700080325 5971.589782317589447 1971.489318990175710
-4214.051959461846983 -1557.384330216485334 1336.831080791221865
797.771829594918886 8406.961286292810359 369.761733460809233
-1034.540930059550275 7444.517591890943871 1905.378846670460141
6582.399057962026989 -9320.476395702421182 1291.989370604658636
-4054.230251841200273 -6687.871382973123029 847.348982501531666
4024.245742138082855 3328.788180560932974 1541.253925220137726
-5336.147998438194360 9963.001057573918290 1201.538199607126513
4099.825766364367426 -4836.309186988028754 234.669779671360179
6382.449687298478799 715.513748907364002 204.553386642948141
9772.271683599519769 3622.046728000964937 347.745951727376270
2987.863596433151062 -4424.547822339888445 1500.070475490054118
-7617.534242820772233 5618.733331921891010 258.542269801902095
8161.238792526557883 -2509.491862078847419 1217.884823571352034
5232.787816367914309 1792.881406921849106 674.154619579383170
-6545.156988268961560 -547.054716232203876 584.463582563399385
-6198.205708556679733 515.876011770759082 1326.175202112943885
3242.452076471541125 1869.172984521173576 793.748668774318543
-6574.810395029539002 -1349.869316496298815 717.111363920979066
5790.498148184508174 2673.175669774403501 1138.333153748713403
3672.108942332465720 4139.962339447051461 564.878293375952304
-8133.883332962944999 -9797.936950065390712 1588.401723705620933
-781.225665074329187 -6989.984896370189495 366.129860180901393
2994.232216203092361 -280.407697629820731 1354.316216721714064
-9694.881719551361999 -6138.873803932600556 935.431412434221069
-1291.635458598575977 6824.744538889204503 447.771943833050865
9673.099114663737473 7292.707347512211374 1308.870012084324015
-8328.243497932338150 -9050.420126709328453 1263.095938609165125
-1714.081047001680429 -4404.340200397962205 1546.399778705536869
-2065.296371722211802 3756.737148708773597 928.420351122047830
-8432.542767842632606 -7633.457986601994513 1276.492991856271878
-6534.906208649093252 5145.983873846512309 715.145119215013425
1101.258430474083617 -9087.844030794516078 1734.568510150914753
5263.942609799447093 3176.717652890939913 1443.805477719172291
5583.567620059844787 7125.795430942693627 1539.721210789890211
-8468.569945820115296 5118.434807303739256 983.719159672222864
4609.093382539105914 -1701.103191969543074 1632.132054441217306
3109.868960706216164 7752.855239998496812 189.221217573199255
5.598885610667188 -9303.487850366274381 1156.063346350966506
8087.255029537056486 7536.701277482482305 1645.891871885291026
-2323.778950210637322 -3430.901344674912687 336.255334417678090
-343.145953075176948 -7557.064882721966566 1179.399867656420901
8270.406105502230982 -5039.494795430330332 1936.086126322544703
6005.438548522765303 -8495.077328143050842 1709.557944558444446
2600.823681186293932 4815.352026530736545 1365.376173127899732
-1814.609139383922173 -9966.105841111353698 515.723090266036774
-8667.177600675927160 6881.836393567030595 1598.936453586266490
-489.660080220414000 -4846.144107481932211 1563.544591200861232
4166.439729038545006 -8873.876578407806245 1201.025588141736263
7787.947552988324958 -1715.763696706105647 1277.145263498675570
-3009.437695292119954 3616.183645035496383 455.599939417417823
2355.777231801463457 -8888.969104402840383 462.113184520303917
6869.953110407975990 -7919.749903586598173 1943.272427085087496
-9225.217259177945902 4527.821720149932068 1321.488929738134101
-6630.095812200998701 9203.748433911217335 51.073183790186314
-7151.071306720691078 -6725.559603289843576 978.339064131050398
7855.801913941269601 -6705.376689412006854 1144.194561876906168
-2774.175238267916385 8572.781674406364659 753.346134732984145
-3331.626635742019884 -390.132231478118932 1068.014636193837838
1673.020597775978788 -2821.253082451835414 1451.633542962877525
954.498120504014290 9882.141627803574319 60.783644197163743
