44 926283681.060938164
5212.047987008760160 1552.660664500801058 1054.977947344736826
-1518.575129206795089 -1787.680878139033252 1164.386721418601667
8725.204500808124172 1714.727819104259613 95.027509649386182
5903.679969101653774 3742.759943446470940 812.170536495965295
-9743.941467062065636 41.264613541748493 554.189050892268996
5245.440485599556599 -7769.669163114816436 728.140514906811685
5562.347308337218930 919.691534534845414 713.691623001256238
3861.449744097893859 -5182.724962110489237 110.857095011106888
-5522.642293178380002 -6244.311147317333151 789.694872720556514
7689.346886078913445 5243.772827221394767 763.372308723904912
8072.751770243359971 5574.865355406732207 398.205208709016332
3310.763619326911486 7744.183694900013456 832.106100081534625
1413.029380271142790 -460.363982642554959 1564.635608872170478
7241.005061112783748 6256.862881507206649 289.374259913378223
-3789.771245298489505 -9368.856884723360252 1481.407516889295290
-6492.411359194561381 74.546393907329100 1769.797991082075730
491.863622908146477 -4549.101053706794958 758.765333871411869
-6121.794801549520602 -9370.729074833051834 1769.104540209201657
1963.365845288885891 7168.647177938943743 1503.972014515855533
4208.949787827835271 1406.059369181885566 320.665171349574412
7438.786356567317303 5714.056235531514425 206.612450266998904
6801.601552783360646 -9351.859810720443941 647.805109410486381
6630.220776110462479 7159.675418327176500 173.735076661027139
330.391903823045418 -870.980691715654362 1355.414964340494981
-4024.901122487326879 -6052.353496097739383 598.993975376473645
2727.856118300856214 -8638.371737634282208 1352.655001985084840
-8015.456557102154871 4696.622040231936578 987.624224253936516
-2261.437641399956409 -132.025164168308200 1824.824650856613953
-5011.761232990849526 -6536.910470863494068 760.977742926569817
-583.346898926791346 684.494981068925959 1578.102818224044086
-7435.258004741309198 9466.931075612606661 1193.840596087503030
-6005.717298173596125 4357.284915002103541 1275.005750876445949
-5304.986614964357133 -332.880725532394339 765.597864580811334
9997.849739564246493 9657.605179677977242 1623.574713601570671
590.191398910750791 6160.055774896372231 876.759932678108960
-2436.024584895182198 2255.704048602750599 1986.339246037419669
-1937.101238226248619 9585.586615442154706 522.971847048977178
-9931.374978538339946 7537.560218702573850 76.241947199693380
-8547.847173500136066 -8019.679997247311968 1019.463158667064790
-6546.046953371438063 6240.646743918084600 221.352320415175542
-8874.087676599581883 -3298.743152083941049 196.301339006886215
926.436405647850248 -2631.677790896495687 537.866646474573588
25.128746015620376 -8578.424329754100921 1746.516994945039655
6481.465855474471277 1568.687301871036833 1598.600115116971486
