1000
438 102
97 433
728 280
620 314
120 43
834 500
374 154
556 182
542 265
711 870
952 273
104 76
109 549
73 871
65 861
649 731
679 547
306 987
109 583
776 295
37 936
836 362
247 700
967 811
817 995
482 818
34 324
763 591
12 515
890 599
756 243
503 941
265 332
408 790
274 799
448 282
733 363
424 274
311 897
924 523
418 450
197 200
75 700
978 23
947 757
144 555
534 333
546 693
490 751
796 906
613 289
681 107
438 543
864 280
364 239
987 25
230 124
768 18
199 403
958 232
36 128
871 411
782 942
261 284
199 86
770 508
997 342
550 126
420 929
414 153
63 64
716 454
254 431
431 153
572 106
706 870
661 401
825 53
362 40
483 645
696 253
328 208
542 712
232 764
913 807
443 51
449 73
604 502
615 386
865 123
256 117
538 812
973 782
612 617
604 793
963 273
491 825
117 20
658 908
81 745
145 108
467 706
899 632
265 818
685 662
499 622
994 340
316 582
952 398
236 518
683 636
634 545
550 254
83 908
889 387
748 993
87 336
322 823
534 742
929 299
501 519
857 962
539 566
403 361
549 341
737 702
283 168
455 159
287 960
738 90
392 25
713 929
723 787
645 214
816 188
218 422
239 500
88 381
681 819
685 874
496 776
599 501
918 976
614 560
521 264
701 856
253 351
838 788
138 885
80 920
601 147
708 7
70 882
146 345
298 305
356 218
463 219
841 716
971 409
607 331
137 325
984 327
573 738
134 992
16 273
328 717
477 335
258 542
61 825
531 898
352 224
64 533
508 633
684 509
64 935
819 694
607 437
246 988
902 284
808 860
72 732
168 621
700 320
148 740
863 104
892 709
957 183
529 356
825 220
481 241
747 42
708 23
584 31
356 322
314 267
644 698
665 514
457 72
829 244
558 704
619 542
507 893
904 468
197 310
48 507
656 889
148 954
610 540
84 135
14 333
860 503
6 694
689 702
892 272
257 578
630 82
265 640
763 677
616 961
827 972
360 294
802 45
895 308
576 79
57 70
273 787
916 340
678 539
401 136
680 216
10 817
399 487
330 520
156 50
89 56
84 17
730 312
33 358
812 192
945 604
179 597
962 401
243 911
116 267
594 416
569 343
776 779
769 369
865 380
149 560
752 870
346 450
541 654
41 776
754 733
439 12
228 918
761 702
820 802
187 461
365 665
792 638
240 331
58 681
503 46
553 225
556 160
711 675
946 965
32 172
847 520
378 806
605 46
344 672
336 859
707 950
606 918
937 692
887 9
338 369
351 216
392 922
772 324
296 909
303 574
820 137
9 289
869 222
919 458
134 508
166 358
435 866
135 380
953 904
634 888
824 710
797 493
208 131
701 571
485 215
342 446
715 446
512 695
372 853
894 599
214 148
853 98
884 565
839 858
399 695
684 868
591 609
750 788
23 8
979 790
564 36
813 50
669 214
375 396
304 461
536 932
258 101
996 800
146 297
407 837
397 511
331 507
788 646
526 331
268 759
252 198
782 96
54 476
77 967
169 953
884 350
741 853
389 566
777 880
728 81
861 802
406 294
831 13
216 476
432 424
567 345
366 672
797 775
360 175
596 853
918 432
889 828
44 394
249 185
55 963
18 875
281 826
198 355
343 466
58 410
758 977
895 730
833 391
861 300
309 479
555 339
551 371
20 825
684 923
903 809
1 78
607 134
579 902
711 13
113 976
525 548
634 704
318 337
812 242
995 621
716 286
844 756
827 524
642 214
276 562
347 402
902 899
186 273
514 441
991 773
805 356
560 939
25 714
590 101
538 320
585 890
461 504
777 833
689 830
155 169
214 844
165 220
717 233
900 682
944 206
139 956
73 902
285 802
167 201
340 511
340 953
531 765
371 674
840 842
877 438
633 12
123 31
985 624
493 5
581 141
342 239
918 949
424 213
997 780
988 366
528 378
270 711
166 993
288 797
692 360
349 255
26 739
46 685
476 268
570 412
268 98
174 565
320 196
49 198
536 399
74 804
380 41
288 229
865 342
472 750
251 431
572 144
663 803
114 464
593 833
40 611
848 916
328 58
879 53
237 80
736 61
873 15
208 130
658 355
865 938
855 847
532 25
474 655
708 552
268 542
448 352
866 422
952 719
777 476
403 423
650 813
699 846
353 146
820 179
23 912
905 67
722 746
898 483
582 124
291 53
284 72
48 964
21 208
285 293
906 169
543 777
532 871
384 739
517 537
844 138
217 205
356 897
525 810
453 957
58 534
726 146
337 43
153 603
600 135
816 181
41 635
39 875
673 97
377 772
85 471
543 263
36 226
700 854
17 528
943 449
193 497
494 913
25 71
505 507
15 324
280 889
975 25
222 317
66 229
906 896
258 413
395 795
522 612
193 329
576 198
786 943
326 81
561 58
493 977
313 46
915 998
166 589
459 474
471 109
788 542
953 42
676 78
172 167
410 404
905 824
275 242
486 900
922 259
93 203
408 552
234 186
121 110
432 262
783 908
743 705
995 652
800 135
382 625
848 157
829 327
307 541
675 440
683 227
740 276
112 487
366 953
219 462
403 486
265 11
286 345
163 970
785 238
531 982
410 883
1000 764
426 177
370 796
884 448
589 232
653 893
169 685
134 868
528 762
2 985
688 158
614 392
513 132
553 776
192 974
197 382
963 822
176 592
312 917
797 483
144 691
755 621
52 420
969 860
345 145
351 267
407 195
356 135
292 480
68 595
622 395
127 416
273 777
722 245
192 266
416 809
483 206
716 681
69 35
695 651
185 392
757 926
809 210
133 940
287 510
760 281
442 495
506 84
188 436
778 376
773 932
925 262
708 637
185 178
776 38
990 219
264 413
354 508
820 169
197 354
580 735
436 94
455 142
721 714
144 895
483 693
469 199
708 777
542 368
669 986
277 553
342 88
517 667
223 838
206 690
172 645
913 135
598 263
580 891
862 425
15 488
702 967
840 465
617 367
378 204
744 262
618 415
483 821
189 23
87 151
851 61
874 720
871 990
299 791
402 211
894 465
6 951
70 460
16 89
989 325
881 141
91 851
881 430
26 897
714 757
957 894
623 499
38 895
753 234
703 686
642 849
68 371
262 633
124 724
437 832
347 141
532 686
336 604
174 203
513 594
940 23
616 124
539 771
320 221
273 702
214 543
687 54
822 321
376 580
164 904
447 930
666 922
319 45
746 129
749 756
268 617
554 533
784 166
499 820
39 19
393 265
42 608
814 621
163 17
456 642
301 474
415 185
975 95
960 680
743 452
70 450
869 358
340 629
162 262
207 658
767 532
697 720
839 725
260 785
924 238
721 557
670 204
891 390
506 323
922 100
948 576
186 722
774 420
141 388
99 80
885 150
51 265
147 812
311 530
498 171
845 453
342 254
869 359
251 111
417 240
148 244
405 58
634 542
400 675
567 649
122 857
263 39
525 667
33 616
152 958
564 718
607 621
547 262
739 492
483 729
801 251
889 727
621 399
581 998
588 987
62 487
850 507
844 563
470 734
959 263
610 432
59 790
375 506
22 532
134 688
265 725
828 556
239 594
474 556
540 615
575 875
199 928
44 624
559 4
484 205
636 621
542 638
542 458
875 884
633 908
269 392
657 406
58 490
58 272
955 549
92 810
255 37
289 904
626 61
477 556
104 798
777 772
573 567
789 824
878 641
595 478
685 470
705 623
46 47
312 212
82 305
283 460
451 663
988 290
694 999
135 777
671 952
766 180
345 17
243 184
771 504
481 753
647 904
842 815
631 798
193 694
535 703
309 20
832 643
754 453
289 279
689 659
295 980
313 250
549 921
103 425
716 891
798 781
447 334
296 853
508 609
548 114
587 58
295 99
700 125
485 746
542 82
74 489
172 369
25 777
278 505
475 720
91 374
140 503
331 336
556 660
447 141
711 134
366 559
983 453
451 379
442 174
480 134
965 352
229 419
216 33
183 258
84 673
445 577
190 868
463 867
315 179
23 628
663 104
105 532
302 22
455 219
94 934
731 843
507 473
876 759
358 602
968 478
877 143
373 529
694 541
852 650
231 448
135 360
960 427
121 810
87 527
554 98
51 426
648 207
249 60
192 357
180 813
284 191
170 629
216 539
713 29
68 681
145 385
785 428
104 43
720 434
118 404
825 908
161 330
36 777
644 123
115 273
448 578
380 663
633 950
268 828
568 585
931 619
607 476
209 270
24 563
40 905
436 777
225 236
30 828
190 281
586 342
444 573
139 493
693 886
27 41
994 855
255 771
399 929
570 32
58 846
617 303
373 235
629 271
447 41
240 544
67 782
627 529
569 772
645 96
827 746
109 990
914 229
813 454
483 348
685 607
342 365
778 69
493 409
78 432
664 825
179 668
501 248
988 933
534 794
350 202
577 51
429 642
3 908
722 878
560 639
10 966
701 755
516 928
981 529
258 173
194 756
199 708
336 425
119 701
910 913
431 837
447 927
383 689
84 785
265 624
382 901
506 592
458 872
53 74
312 835
972 171
564 907
667 25
626 205
580 421
776 812
810 28
401 959
