1000
21 386
710 824
505 123
943 634
624 718
40 230
652 634
448 794
858 767
566 176
535 944
38 563
866 943
415 68
597 127
649 70
318 980
79 353
831 876
55 357
679 104
427 951
736 669
129 29
813 405
879 160
99 973
73 699
202 700
565 80
11 477
521 315
464 132
560 304
351 555
671 949
571 393
273 730
881 829
668 164
879 880
580 338
132 939
973 375
499 86
132 415
461 45
194 694
211 525
447 989
916 298
584 921
349 903
583 786
176 386
746 122
167 580
451 691
134 629
191 596
461 983
583 476
6 644
322 147
796 649
14 998
962 862
226 750
70 216
171 242
362 550
652 670
727 178
861 350
887 781
3 407
393 332
641 493
423 750
706 715
697 738
379 429
346 895
416 8
253 194
905 440
221 460
181 451
91 202
911 783
408 177
993 958
825 14
149 485
507 636
422 641
869 825
547 29
574 951
81 884
143 669
938 494
588 792
129 593
13 24
760 201
927 618
195 580
507 412
489 381
381 285
528 774
99 850
977 31
912 130
266 516
238 929
437 621
782 731
472 14
915 718
227 2
906 877
377 111
242 453
306 728
225 478
41 956
558 757
668 824
218 774
449 146
620 854
327 751
323 84
447 754
13 316
120 145
950 891
187 571
353 27
200 502
953 69
253 971
414 53
314 133
536 629
663 242
704 390
901 246
541 556
566 149
495 383
273 752
644 685
992 252
838 939
511 694
824 800
210 75
645 904
371 293
593 203
224 381
306 1000
820 33
89 357
329 552
975 209
206 823
155 518
497 211
651 376
542 481
380 307
659 581
110 635
196 405
999 14
463 885
385 420
26 824
221 870
977 616
728 608
264 68
628 931
541 205
456 912
595 143
58 309
558 649
370 266
305 433
317 667
665 287
586 674
548 195
804 816
63 393
865 719
313 715
801 520
242 406
135 962
403 619
449 552
36 570
603 425
184 605
484 295
121 922
619 127
286 288
633 938
477 920
144 435
798 987
519 774
918 343
99 783
189 915
443 505
305 511
281 194
994 638
402 313
973 113
658 52
968 543
980 843
478 458
130 704
54 725
664 420
370 214
955 586
578 847
569 919
786 754
60 346
447 576
889 204
645 544
111 81
355 222
385 391
815 259
268 760
549 406
441 380
159 635
190 758
832 30
594 526
968 358
778 488
585 592
320 853
575 755
768 483
256 292
935 670
815 17
354 64
9 882
681 996
619 158
3 240
85 871
443 980
424 126
734 294
540 849
699 769
300 210
659 65
613 687
702 266
670 753
275 445
56 275
583 80
397 908
160 127
604 592
60 188
270 552
103 277
25 568
292 269
883 274
202 555
98 148
426 740
254 168
88 664
171 3
251 135
220 304
813 686
900 619
896 501
842 166
916 8
716 249
613 491
573 288
574 382
554 399
921 516
359 329
822 223
693 195
158 51
518 118
272 369
927 913
845 922
390 673
745 429
382 821
295 860
522 347
475 707
721 980
549 504
235 60
248 63
988 701
111 625
779 632
851 370
601 611
643 16
747 917
746 295
808 345
128 271
515 246
115 729
856 349
667 995
378 346
734 495
315 208
963 427
198 247
483 714
993 517
613 903
136 995
232 531
266 490
104 680
19 275
94 473
276 60
953 15
432 565
102 710
575 557
352 128
467 296
631 983
912 951
79 635
198 990
138 794
22 738
596 110
266 451
131 729
281 910
969 718
877 43
222 236
400 899
351 70
339 99
268 893
651 130
462 310
570 129
11 661
809 83
195 918
357 313
240 774
16 810
353 580
690 244
713 128
926 439
7 477
266 253
240 858
77 704
278 758
419 951
122 71
930 780
131 1
738 226
51 741
539 402
785 326
712 44
563 601
874 967
43 353
888 425
374 457
477 429
996 185
924 914
744 921
993 519
516 9
793 881
945 531
236 388
439 119
259 153
894 643
770 631
730 266
651 205
548 59
166 874
81 325
592 950
801 150
341 160
58 192
313 580
284 339
18 522
931 513
912 330
93 451
267 591
715 543
173 436
326 192
802 596
738 346
692 446
225 395
94 874
404 984
8 979
850 76
399 524
951 30
180 79
959 795
206 622
4 99
146 215
690 796
5 889
742 614
388 544
828 293
881 127
418 656
109 248
42 479
713 849
187 940
418 977
878 412
50 929
756 781
174 83
469 897
54 606
522 992
249 829
769 3
765 230
451 378
797 129
742 308
664 491
236 386
379 523
64 545
137 10
772 383
970 889
57 834
126 848
544 41
532 27
604 558
64 863
451 443
610 892
744 902
179 438
558 949
286 397
84 289
360 24
557 821
449 991
260 956
867 367
800 313
459 424
134 805
939 849
179 992
470 500
551 756
691 594
146 381
388 669
353 591
263 534
195 480
573 586
286 804
336 675
64 905
312 764
142 199
734 812
67 421
144 939
627 684
219 210
601 389
151 574
882 417
335 5
703 66
14 953
743 881
872 540
239 883
918 146
477 195
933 510
650 895
120 57
224 790
328 528
840 382
939 255
800 445
924 559
209 662
527 791
976 995
392 516
488 449
882 899
297 75
47 110
125 158
157 237
547 471
709 118
84 443
165 410
412 195
503 910
877 481
139 895
988 439
621 262
427 689
93 129
356 587
356 950
6 387
822 259
789 318
567 241
159 648
401 517
759 912
150 691
532 169
100 486
366 118
797 841
229 665
363 664
852 63
936 944
657 795
288 53
23 8
839 895
726 619
107 299
147 353
280 809
609 78
913 191
307 210
487 105
74 126
13 195
724 257
623 800
12 313
440 16
612 99
327 966
569 615
491 42
315 398
779 34
440 652
726 583
316 208
184 382
629 711
821 654
430 296
416 965
807 944
275 231
635 375
81 293
417 846
32 298
787 236
75 83
655 623
50 682
702 720
854 304
818 732
808 94
350 886
101 579
409 997
951 399
186 154
814 829
719 607
898 337
209 760
491 483
626 339
228 86
184 589
256 850
659 275
854 242
868 183
95 921
739 915
46 242
90 672
138 614
232 99
909 388
295 962
934 171
70 922
212 126
548 175
730 944
949 947
588 896
243 265
591 279
172 318
737 148
94 110
94 474
981 942
75 635
579 295
875 637
819 288
561 995
379 538
572 361
653 125
970 63
672 818
817 603
785 209
889 451
621 290
314 360
937 507
311 452
723 449
698 996
43 890
830 908
410 804
170 962
671 455
303 406
177 966
613 781
635 953
573 173
702 847
496 55
288 827
348 587
896 680
228 498
323 67
609 909
3 727
281 457
628 579
836 516
617 197
726 798
382 470
499 43
246 833
930 792
952 323
299 635
784 653
514 147
883 744
800 263
62 751
666 634
444 680
300 837
932 231
9 748
582 925
275 96
204 116
941 990
941 132
771 341
969 901
266 785
28 480
639 202
122 162
544 437
370 686
663 749
443 418
497 617
172 282
416 942
811 255
826 92
334 476
968 599
151 183
997 662
836 660
823 734
384 870
344 841
748 333
546 287
120 519
177 158
157 378
558 465
383 373
369 3
985 895
124 163
368 997
231 569
442 296
195 37
13 603
124 546
918 602
195 652
339 482
240 195
630 523
876 157
477 72
40 597
717 835
695 483
286 582
992 705
55 342
958 161
530 126
329 948
213 726
25 746
7 20
99 283
706 234
388 518
611 905
969 217
490 775
77 509
896 516
52 99
321 909
705 311
909 986
270 791
565 946
209 647
956 365
413 307
498 361
346 859
855 431
437 296
292 411
718 127
231 469
195 462
826 27
117 351
786 152
629 910
677 317
640 157
245 978
776 151
70 207
382 598
540 439
43 510
686 106
299 782
7 492
241 451
61 123
836 387
603 853
97 460
506 529
228 590
324 890
463 207
154 106
540 440
466 758
466 864
733 895
642 84
788 829
742 867
738 48
35 966
11 225
240 916
835 761
898 988
907 416
103 412
638 9
127 918
87 523
225 529
396 656
619 182
820 956
570 404
232 564
350 114
266 259
890 446
363 140
217 233
316 66
806 855
261 78
276 684
353 312
995 670
362 189
257 734
844 364
443 81
873 388
637 30
533 72
515 254
530 928
340 135
193 215
450 2
416 319
181 98
331 460
85 617
516 466
580 266
287 146
882 54
440 434
562 261
600 442
613 728
961 381
295 240
237 610
101 301
75 573
959 634
823 24
258 486
683 574
510 766
763 281
295 735
929 7
982 936
996 747
300 974
32 835
964 940
577 742
742 796
688 824
108 5
450 245
857 5
426 531
291 379
188 719
641 660
748 537
148 112
199 159
923 476
796 896
980 712
302 678
356 512
242 951
523 468
722 625
750 676
909 774
777 607
855 30
836 762
20 126
529 972
508 638
797 960
132 631
372 680
696 668
392 992
42 194
844 125
341 82
170 747
343 617
773 61
339 114
221 24
646 72
795 675
708 224
39 890
601 49
642 1
672 419
265 998
156 121
450 37
844 428
602 799
242 34
386 10
802 454
63 502
194 954
118 487
553 585
559 393
707 499
302 624
529 250
258 46
835 803
693 394
962 141
10 957
488 633
