3871
342 2313
2012 2027
2233 1840
3114 2620
3031 2284
871 1366
2037 3761
558 1370
2425 2794
1564 2478
435 1458
1066 1224
1894 1469
2856 253
696 3126
116 166
1901 15
1899 2224
834 2326
2970 2123
3595 398
2947 1780
1331 3348
2964 3679
1247 3590
3036 1128
2380 2739
1125 372
2663 1600
1812 2904
2770 1908
3142 2657
2532 585
1157 3712
1287 913
1753 1649
2744 622
2256 3349
3075 2463
25 721
2449 902
554 1818
3002 1275
3513 3689
3186 2654
2618 3106
3342 3311
2088 1002
104 3336
448 3436
2198 3854
3476 909
408 690
2290 1612
1544 2972
310 2346
946 2387
605 1861
3541 3797
3519 733
3444 1929
1707 3581
987 2402
3756 2417
1556 3801
2983 1317
3543 3263
3598 1035
1228 3842
504 2590
328 394
2066 3146
1357 2642
371 2906
2009 3614
297 1127
2366 1517
3521 1301
585 360
1817 541
1502 1389
1525 3039
2565 27
829 204
3456 2999
3591 3275
1726 2009
1206 666
839 13
350 3851
1352 3377
2002 1055
711 1856
3716 3723
1813 1961
2971 2684
1229 355
3155 1145
2219 2506
470 1348
64 1146
48 1718
1793 1541
500 2304
2072 61
3592 666
2035 2539
1107 3213
3014 2502
3382 2622
3341 1513
3707 180
3571 3812
1868 2631
187 1509
1129 2751
2523 74
1708 1449
184 1900
724 1853
1566 695
2306 2178
843 3564
1751 2100
2360 1625
700 519
2533 3353
1675 2864
3066 3795
1261 300
50 2467
3032 2296
2819 1928
2286 473
1897 293
2089 781
2278 709
2372 3526
646 2773
395 138
712 2263
1991 658
3204 496
2927 1211
2784 1918
1016 35
608 558
81 3491
3378 2610
3455 3324
2112 3237
879 2175
2243 3209
3391 1593
1030 940
1136 605
2280 1052
1126 2069
3649 2209
1063 3551
3624 3480
2955 1965
1169 1217
3474 2167
2606 24
3738 3830
3021 3407
1537 1542
3102 1198
3079 2887
833 1351
859 2631
3478 3489
1491 934
1759 1819
2918 2187
1294 3003
131 1575
116 3596
2714 1503
1930 1199
3671 621
2977 1165
38 1392
2886 2605
1193 2683
1480 676
2628 2667
1196 1719
227 1750
1918 39
1470 1394
703 1984
3087 1029
2484 1422
2279 1670
1368 2574
254 1800
2719 2446
511 1267
353 1869
3224 2293
3289 2225
2250 933
56 1477
455 2448
2627 1959
560 903
3540 275
1380 132
1058 359
481 566
3660 976
3560 889
46 993
3708 2761
1230 1081
1842 3385
2257 267
723 782
664 1831
3048 1954
2397 2866
2503 1311
1999 2118
2813 526
3694 3138
3735 3214
489 1561
465 2835
983 877
1107 3822
1630 3369
25 171
2060 3160
1051 654
1034 1930
3534 1718
1065 2232
1306 3525
2269 254
3667 3315
1661 3503
1064 2188
437 2223
2404 3205
292 395
3058 2630
1610 823
2240 1164
1367 2194
2590 3008
330 129
2925 871
652 2076
663 3187
413 1506
905 3224
1765 12
1263 2935
915 3686
2371 2826
3284 3713
3870 2413
2712 3559
2804 1254
2064 1902
946 2427
1534 408
3422 1946
2211 1620
3035 3186
1750 3077
161 3382
1539 3820
2689 1176
1347 682
3648 2721
783 468
3267 1890
3129 988
1767 1783
3438 2032
1022 2472
1864 2980
3860 1182
2668 2949
2103 754
3394 3682
792 1355
2995 1777
1550 3062
2333 704
2412 1655
3371 3339
2492 3715
1411 806
1312 3391
476 6
3450 1970
645 3370
2911 1131
1137 2387
3829 637
3341 1165
3488 3395
3210 2885
1386 405
1714 1090
981 2681
973 1316
3563 2717
2365 686
2255 1196
3067 2662
264 763
2745 2409
2109 1579
825 1077
2958 2993
1086 539
2900 3568
3389 2578
228 3852
986 2919
2959 1895
1111 1579
1357 426
3246 169
2907 1486
3651 3406
969 3358
2278 1223
378 2857
1039 2799
1102 2961
2265 701
2552 3487
2001 2004
662 2154
1549 446
315 1686
2436 2577
2385 1106
2042 1488
739 1632
2220 2014
11 2885
223 1383
930 453
340 812
1668 3073
1441 1563
2750 2621
2462 1203
3661 941
3164 762
3097 2855
931 599
1648 960
49 1858
692 2701
1914 1573
1318 2839
2959 3306
434 2857
1817 2601
1079 1362
3356 1345
2380 2
129 954
1819 3677
453 2068
869 3182
1137 2309
3415 3849
2662 647
3232 3500
596 886
1942 193
964 282
3830 3383
3784 2810
296 1160
2227 1465
3778 2061
1214 2373
2973 3754
2610 1337
1821 2691
1041 2693
1782 93
897 3604
1457 3846
496 3870
1241 2961
3556 356
1586 881
294 3143
996 354
912 1013
2091 1524
3610 974
1438 473
2473 2205
3616 3832
1922 766
1383 2802
2505 1812
1876 3366
872 1590
1606 334
1249 3690
3514 1081
2962 1297
549 3060
2770 1005
3732 3071
3632 1330
2152 999
1493 1820
3140 1407
2073 549
856 2991
2040 2575
2133 2447
43 3752
2960 320
3070 125
2651 799
513 2336
987 2836
3678 2454
3673 2327
3462 3027
1248 795
3361 2481
176 790
2459 1829
1377 3475
3021 3197
1705 1058
1420 100
694 3051
1100 3189
1860 3096
434 1904
60 2150
2986 1056
3845 601
1175 563
425 2173
349 492
1358 3570
3645 2315
3137 2093
557 2583
1844 1445
2849 3351
1361 2237
2251 1865
106 1536
429 1740
3288 1322
197 947
167 3737
2316 2261
2614 3386
577 523
3780 2213
2908 2705
1307 5
353 2447
2214 1090
3125 2635
127 2111
2783 2205
1825 2520
1986 3112
3817 993
3774 3107
1220 3819
3011 2530
1808 1759
2912 3070
931 1757
1761 3273
1830 3076
3822 957
2878 2995
162 2601
3185 277
2029 1015
1471 1531
421 659
3223 391
2114 1660
2776 265
3473 2397
3693 3307
3145 1670
1743 3024
348 1199
1265 3098
3372 119
2463 1439
2867 3101
331 1330
2984 3381
626 735
639 563
1482 1489
720 2412
1221 2223
1305 1252
3337 2968
1785 498
1997 170
574 794
2110 1275
253 2603
1413 3261
2008 186
457 289
2394 2272
3699 3797
2435 1428
3347 2861
1853 1927
891 3141
3247 2197
2044 970
3829 2014
3608 3016
598 3699
2105 3771
3128 1103
2084 1739
3458 835
2789 1690
870 3247
52 926
510 452
1120 2541
3097 3084
1723 1452
2540 3213
1381 2299
1278 3010
1540 238
158 755
664 215
2596 2371
1652 2494
3787 3798
3162 2619
2301 3839
2594 1727
3680 3298
2940 2462
1501 1334
1848 1664
3256 2052
2330 3866
2509 3743
1010 1854
2323 1393
1042 1643
1979 1937
1139 3668
329 633
1080 266
2665 632
3469 566
112 3703
2294 1341
1661 538
3790 1333
2457 1113
1280 2689
3146 2780
2257 1071
3765 967
3519 57
3216 3354
2099 989
3757 3109
2985 1017
2048 2057
1086 484
3044 1393
1391 1833
3291 2282
555 460
2409 3000
1127 2391
1462 3081
1736 2192
3083 1700
2910 3504
479 3320
3647 3674
3325 3586
2579 1262
1865 749
3807 2423
2155 2927
3167 2028
654 2379
3524 1623
3496 944
3019 301
2950 3607
734 3773
2227 3559
210 1714
1749 295
2118 3018
433 2828
553 3147
2212 3863
38 2815
3074 1283
3379 1843
533 3018
2636 3158
2570 3453
2521 3118
2384 3583
2000 2582
2608 1724
524 410
465 1142
667 1557
2293 1369
385 97
2653 1093
2005 1244
1261 456
2445 2123
220 853
3714 3037
780 2182
3209 824
916 1735
1570 152
2730 668
2140 698
3200 3609
2612 564
2234 2952
1556 3131
3577 2095
2572 140
546 1815
1857 2236
2167 2581
2586 3411
82 572
2585 2870
457 2252
2950 3488
565 449
1980 1494
3587 2396
3376 1178
2788 1454
3191 2324
2342 1122
3506 1701
2287 639
3557 1025
167 1553
2664 2795
1020 3751
406 3788
3457 59
274 1969
2153 2702
2545 1020
1271 1319
3728 928
2202 2454
938 135
732 2602
2858 3007
3250 3017
310 1389
128 100
3160 1087
667 1712
860 595
3226 2646
722 2752
3759 625
1548 1855
1788 19
3757 790
1663 631
2171 616
1635 2637
635 1004
551 1694
2476 906
2232 646
3473 165
1318 2216
3573 95
1831 3730
822 3413
2408 683
3653 2405
3815 61
3451 3495
2170 460
2186 2833
855 423
3177 3739
908 1576
2838 2562
3670 3655
1479 2536
1014 980
3254 2283
1308 2259
3335 1675
920 2361
3625 2823
440 892
3705 2719
2289 3015
3195 205
2765 390
2526 3293
550 1093
3493 2832
2974 702
3231 55
3428 3283
1770 2943
2188 3327
1418 1549
1281 2743
1078 3279
532 738
2089 736
2319 624
2859 2553
484 55
2161 3099
487 1219
1525 3806
774 3379
3126 2291
1244 3620
3211 396
1181 220
2916 3429
3345 1448
243 2148
3099 2760
3687 2954
258 3682
614 3282
937 3258
3483 3286
1478 1379
3710 1975
3663 2798
723 2569
1494 313
2975 1939
2186 362
3861 992
1839 2416
3207 76
2733 2402
2435 2185
3490 932
1254 1379
2603 2226
539 1779
2398 1327
3040 228
1003 3482
1757 952
1152 3423
3230 185
2038 962
3491 1292
3793 268
2597 1421
144 2987
2715 311
1752 2104
3117 3239
279 2480
743 3289
3375 1519
2762 2403
3320 500
2588 2669
1996 3588
746 3690
2754 1116
3558 3856
1736 2886
3846 3365
3838 3221
838 3252
3530 3172
949 2231
2588 1278
3064 966
179 3080
1336 3015
1396 2339
1796 361
2832 3233
1700 3646
1682 1650
2053 92
1739 2527
3319 1340
3778 3741
1108 3296
1926 616
3129 560
2344 1397
1678 1447
2874 2554
948 2192
2421 591
3228 722
2778 114
43 2501
2253 957
3217 1405
3582 2806
2558 1566
3449 15
3665 3713
474 3429
273 1866
1164 1719
781 710
3542 3638
2341 241
1279 1083
1023 3711
2716 2976
206 3385
2876 37
451 600
3124 898
3079 238
3517 3633
2071 730
2211 487
2874 36
2953 3470
104 2805
2508 65
1992 1083
1432 1410
3432 3263
1504 808
3022 1442
607 3348
2723 1926
1314 2331
1211 1616
3194 115
3847 35
1424 182
3314 2077
1217 1940
1484 3584
3639 1884
2451 41
2220 3674
783 2165
2790 3244
3109 512
588 822
3254 291
2525 271
849 3565
3084 2311
3665 602
2674 1816
980 1944
1347 2456
1917 324
3286 3355
212 514
2572 1623
3477 3726
2620 1427
3182 513
1221 2492
3026 2156
2979 1269
78 1533
1794 2439
535 553
2542 2268
3318 2549
2107 3627
1702 2031
593 1927
2349 2414
2545 550
1492 1049
3725 741
3435 785
1814 2485
3036 3001
84 1068
2789 244
1998 414
2327 3657
3310 3512
2834 3717
3479 311
776 1059
363 2523
1150 1026
3510 3858
1435 2921
3353 345
857 2305
3373 928
210 458
3272 1028
3392 3458
2069 1627
2873 1194
3259 1642
2262 1309
2522 2736
611 2615
2258 1190
2473 1030
3421 3244
2100 1722
3862 882
1202 3201
2400 907
1915 2623
1170 1193
515 3227
1810 3554
1870 627
983 847
3743 2224
3067 3230
3776 1277
653 716
1773 3638
3603 2348
75 1019
2967 1715
680 3654
1922 2256
2370 3535
2704 428
2502 3548
2500 2067
516 966
2501 942
3111 799
1768 3309
1753 1985
430 2690
2119 1715
3110 3490
829 202
792 1888
3684 2846
2027 411
2493 389
2277 2715
1163 1493
1606 2887
62 3399
3618 2456
12 1558
2532 471
3610 3094
2733 269
3533 3076
3404 2915
3740 111
485 3815
2041 1458
3407 2942
910 1036
2374 1594
3404 3259
1892 2777
1129 2890
3009 2418
1138 2815
2381 2365
3330 2083
2314 742
820 2697
2783 2891
1019 2831
1188 2755
2444 2710
1171 2384
3826 3803
1569 984
2668 86
1622 1842
1089 1524
1543 2147
2613 1012
2275 483
3788 2747
71 2335
3505 201
1319 965
3534 16
629 463
740 3134
3113 1527
2474 3492
3816 2616
1732 3539
1437 90
2647 2390
2160 3316
106 6
1514 2180
1800 2270
2909 696
113 1692
3354 1598
3362 2835
5 569
2452 1548
830 1603
419 3340
1708 2298
2632 3615
2864 841
2320 251
2175 875
1580 1902
737 2682
3833 232
1329 3028
2283 2061
497 1643
2573 2110
241 1362
1214 2907
630 292
3482 1931
1434 1955
640 3814
3329 1654
2078 3219
1342 2544
1805 3298
1374 3150
2917 1911
3081 837
3096 689
573 2598
1222 1251
640 147
1415 201
1866 427
2193 3427
1334 744
1943 1914
1258 3396
2126 2692
28 567
3276 607
3287 2458
2976 1512
159 1282
854 3380
1077 368
1795 3802
207 139
730 2287
1226 470
1155 3591
366 1583
1938 2159
594 1406
2571 2341
1134 1289
811 2693
3127 819
638 1969
3627 1313
3434 852
1941 1798
1845 831
3852 309
508 14
3312 1466
972 3791
122 1430
94 808
3006 181
3368 2134
2732 3702
787 1955
54 1135
3783 2717
164 1464
707 1721
3860 1255
2888 3331
2475 3550
2640 897
1257 2191
3295 221
1192 1304
1709 1048
3292 1873
1060 1501
1006 1872
995 1159
1703 347
3194 1323
709 9
2986 1762
3496 791
1662 674
3644 2006
2486 2277
3625 1593
302 3416
2434 1667
1568 3327
3266 3847
989 3854
1118 188
3586 1219
1234 996
2405 1687
3395 3511
3215 2313
2724 3539
685 2141
3777 1255
247 1147
2334 2162
3801 512
2933 608
3798 289
2480 3834
1160 786
998 1140
785 1577
2455 132
350 3508
1669 339
1098 83
3733 569
2332 678
3795 2970
295 1653
1881 82
195 1175
589 273
2625 3569
256 3688
3173 3176
414 2266
1547 466
1376 3344
3654 1064
3802 1990
2130 2943
2559 1091
2931 2140
3154 734
2850 2417
2079 1591
384 1340
1705 2158
2221 2253
2241 2221
1734 3754
1181 3722
3073 589
1581 77
1249 862
2054 53
909 493
2621 3355
3422 1155
1401 2768
3347 2929
2131 3199
369 1870
778 3808
3806 2769
48 2636
1910 3676
3825 1717
3319 2702
1279 2844
2816 3397
1491 2376
1047 1453
2682 2228
290 2230
1848 2026
3273 3621
1177 597
1665 1100
1372 3790
18 1720
1733 2695
1642 2242
1509 2869
1615 1874
3746 3180
3549 3308
140 2533
2884 3643
3827 2517
887 1425
2965 2388
2507 168
2403 1838
477 2724
1189 952
403 2388
2579 1569
1827 1685
2288 3025
1602 1476
3218 2045
3680 2895
827 3664
759 1897
3412 571
2487 807
3430 343
1251 2809
3305 300
488 1801
3058 2059
725 2055
3868 191
1613 1227
3095 2798
1527 3517
3702 587
2563 896
1584 1828
3497 400
1095 1963
1791 3630
2527 2849
2830 3055
3290 1874
817 819
1085 2497
118 2207
2675 1102
1602 1284
3013 2085
3732 522
939 601
3045 2922
869 4
2660 2439
2172 650
3062 3703
832 2032
1920 263
2119 3169
887 41
307 875
3835 29
3055 51
1477 2495
2707 3552
3623 2947
1832 2199
2924 2166
2579 704
391 3078
818 3514
3618 1349
3206 173
3064 2851
992 1858
610 1982
1891 3156
3871 1432
655 1658
1022 2526
2340 3468
1153 2923
2007 736
2551 278
1925 327
2496 1781
2932 2865
2375 777
407 3747
2424 2386
1771 3357
1604 2503
876 3719
3440 322
393 2818
3840 3415
2781 994
3849 1611
1987 656
2459 1555
2840 2125
3464 1971
617 3082
1311 1117
1830 744
2920 727
2193 1303
416 1381
3253 3841
1698 3316
432 2848
823 580
218 643
568 3485
552 1425
1585 2828
2627 2939
1801 333
330 603
2829 1834
178 1823
3170 686
1809 1937
2055 904
2802 1288
2649 1308
2694 2163
1284 1880
2561 2782
3636 1909
3741 2800
1072 1207
297 3019
404 374
1786 661
3426 3221
905 2251
3041 2794
747 3617
727 3446
1154 1043
3709 118
3864 868
2817 2350
892 2748
3032 1792
678 2593
2142 252
1235 2713
1695 1495
3326 175
313 160
3053 52
3588 2567
2013 1204
613 1126
1852 2726
3684 2564
3606 2898
1863 3112
1709 2323
2469 1644
3772 2444
1755 2518
2987 1259
3770 3088
990 900
528 1145
2126 1778
1683 1374
1505 3808
2382 1044
3281 3267
2930 1699
2825 1417
2316 2445
3494 2951
3716 555
702 859
1713 1833
478 3584
67 348
364 691
2967 3196
619 3188
1301 3054
3536 3495
3826 529
3134 1218
475 2957
1123 1680
780 3605
1408 1195
324 1048
562 3113
1378 272
113 3165
2438 1268
1449 2329
1159 418
1110 1070
2860 1838
1720 3246
2187 126
772 342
318 3758
1743 2928
1515 1069
3154 1033
338 1353
2366 3317
1916 3683
689 3503
1887 2500
1040 1168
2939 1813
3433 1174
1315 3137
2892 3236
2295 3853
548 2356
3465 3466
1028 3475
2869 447
1799 418
673 2592
3794 3432
2022 2358
1089 2896
2455 463
1092 867
2644 3384
1668 731
3375 1180
824 1893
2845 1021
2189 213
2176 3762
3528 1380
490 3208
518 1745
3009 3484
488 930
302 1730
788 1162
2356 2028
2677 1760
1784 146
3589 3755
904 1027
3227 1834
1851 2910
2352 748
2309 2035
255 1727
1560 1791
58 1676
3156 2634
191 1948
1143 3270
3346 703
2919 3448
1464 811
2382 3549
2934 2226
1208 3171
3856 2183
745 1234
2457 1732
924 2308
2643 2237
33 2740
812 2483
971 1956
1989 3799
2025 2775
2468 3396
2664 2465
2244 810
209 895
2555 767
2848 1737
2974 2704
2868 3700
984 1998
877 2280
2419 3115
772 1314
935 2946
2554 2229
3100 3486
1837 1061
1402 3662
3634 836
2720 371
2030 994
335 765
130 2605
3190 2721
578 963
3735 3748
1995 889
715 2363
1887 2941
1673 1130
3342 1191
649 2920
1752 579
618 1867
2265 2805
2170 3022
506 3080
2937 3761
3646 2576
2174 3161
346 2892
2094 3556
3315 529
1485 3764
3568 219
1013 1104
2497 3318
2033 1076
2546 3740
3234 251
826 3689
2246 1912
3611 2190
3268 586
3240 2507
1871 908
878 2998
1867 1989
3613 3525
376 2878
3612 3628
3431 2697
3214 2233
187 2879
3663 1409
982 3061
480 3139
2410 1452
514 631
3622 2571
1258 891
2212 3405
2493 388
7 1375
1557 3729
531 454
1387 247
1758 1934
2801 2726
1046 237
600 705
3049 2918
752 2648
89 3739
3231 1641
1664 2138
154 1008
1173 2328
3332 3799
1289 482
2850 1496
3301 2326
3857 1169
2185 2604
2944 1778
3511 1612
3420 3551
3216 1751
2557 3509
2449 3201
2195 189
3477 2940
1087 1305
2250 1220
2646 3242
2728 415
1633 1632
1804 417
1526 2779
1567 1824
953 1766
3328 2206
2580 17
581 861
422 3167
1247 3049
3626 1232
606 2062
1857 1109
2446 3578
3540 3162
3579 185
304 1980
2890 1232
458 2663
3662 680
2958 123
2127 87
1237 2125
2899 3089
3056 3593
2488 1045
1352 385
2914 961
1565 1366
1335 1879
1198 1913
3745 3453
29 2414
821 1114
2997 1167
2071 3232
1681 1552
3823 2024
1504 2568
3225 2898
562 2809
3268 1448
2269 979
1027 537
3833 1974
108 3593
3314 2215
3717 2707
2177 3789
1518 3012
856 3305
183 3718
3220 337
1223 3672
1057 2338
1666 2994
3023 499
2091 568
1576 2149
469 1488
444 440
2666 3744
3149 2180
340 466
3510 2012
1327 888
3007 2300
2443 2440
1440 593
3755 1158
1061 2398
2360 679
2616 2736
3332 3437
870 286
336 489
3406 2086
2670 1246
1760 3498
1958 362
343 3104
635 98
3082 830
3410 2218
2264 374
2022 3807
1994 1837
3478 365
1646 1036
575 1968
2847 399
3277 1877
1929 3196
804 1553
1666 1359
3506 3005
628 1502
231 658
2297 3193
66 2420
393 1012
2406 1272
392 3187
287 1995
431 2113
1067 1343
720 863
2399 287
1805 1108
2063 2749
320 2652
883 2235
2112 1444
1511 1774
669 224
1047 1924
2956 1446
258 1618
914 789
3361 688
1710 122
973 445
1738 3750
3175 1907
3089 880
1740 2321
2843 2915
2607 3278
882 2116
2086 3122
2288 766
2087 2325
864 133
1931 2273
1476 1286
151 2181
2504 2106
2302 3574
2254 1674
2512 319
1626 9
1745 796
1610 2530
2669 493
54 203
609 943
1313 1725
194 955
156 642
1017 1697
967 178
260 1680
2030 803
3195 2580
248 2618
760 2300
2052 2367
3736 2661
263 3047
1456 2432
2661 2410
3074 416
660 3433
1404 3459
3035 2989
1608 890
3542 3226
1411 2272
3241 413
3039 2557
1183 1062
173 2111
1578 693
3681 2210
351 2171
1950 509
2482 2759
3532 3141
1201 2343
2115 139
1970 492
3130 2165
1639 495
177 1599
556 2034
3605 2415
1893 2054
347 1671
1846 3145
821 2389
2196 346
1933 1443
3681 2147
3576 3817
2376 597
1582 2877
2992 3776
1792 217
86 2988
44 2122
1802 2427
1772 3452
3152 2031
2146 141
544 2113
2846 3238
1804 239
1741 969
2599 1847
2758 370
1001 861
3425 2355
159 192
2158 2164
1913 1121
1951 3563
1435 2861
1567 14
231 3782
2437 2814
1444 2517
1139 728
2583 1536
2285 1123
236 3174
3777 2081
1616 2513
3168 2708
3393 3083
3304 3781
1178 2550
3030 3820
2792 2522
91 80
1385 3500
1517 2678
225 3299
279 3033
3344 796
2560 2377
1460 3091
2255 17
828 3769
1756 1961
478 2617
1677 1589
3317 1941
1422 3245
3538 1431
3114 1864
2841 2407
2393 2469
1789 825
3103 2705
1405 3193
1124 3590
3424 2059
2329 701
535 2157
2565 3828
885 2348
1050 1807
3170 3522
3454 517
815 2428
454 3633
2811 953
2407 2665
39 1423
1889 649
1056 3365
1324 2395
1066 270
924 3004
3047 327
1295 2002
3038 1604
1092 3744
3675 3405
3077 3377
1002 2678
1256 407
2411 2464
483 3564
1890 338
1971 2746
773 3465
2489 3264
373 2285
3151 1637
1683 797
1521 610
525 3560
3284 1611
1133 726
1149 281
2703 3291
405 341
1562 3334
1487 68
1994 3601
3203 2899
1621 379
2274 1351
2648 3527
3101 506
72 3297
2842 2102
1321 20
1216 1779
3779 3290
2184 3278
573 1622
615 318
325 1427
73 2774
2999 3546
1785 1392
1737 1749
778 197
917 874
907 2401
2222 281
1513 1910
280 3792
2855 3095
1839 1550
3424 246
3412 2553
245 2865
1269 2982
214 1919
1031 121
559 1868
1875 1532
2542 2630
633 2759
3805 901
3222 198
621 3280
985 1015
157 3535
3480 815
2043 1082
961 274
2342 2104
3437 2058
741 23
1498 3010
1032 771
1811 1011
2320 3866
1637 1349
2034 2353
2795 1847
2268 2357
3038 1717
2298 179
3747 1355
2068 634
3427 3574
142 2368
519 3181
1059 692
2008 1520
2222 1315
1888 3736
3163 2423
3796 1883
1359 1402
1735 3597
2659 366
1595 110
627 2416
2767 149
3184 3686
442 2096
888 1382
2711 1721
2122 3163
3313 1599
2006 3862
1299 1698
150 536
3692 2015
1678 3771
2429 462
2965 2172
751 3602
3570 544
1977 2051
3685 259
3131 1420
1367 1179
3295 1986
1483 648
376 3679
3248 2249
1267 3731
1154 352
1387 3691
2651 3409
1667 3818
865 2321
23 3218
2023 1895
1224 2431
1849 1423
2076 212
3369 3723
2038 3207
648 661
2093 3445
1639 3642
2183 1899
1883 3599
2078 420
1950 1073
1095 3241
101 1060
1078 1037
1676 2934
1679 383
164 2691
2696 2854
2420 3524
2289 682
2754 2378
3508 2001
1041 1082
3803 2772
3481 495
1559 2625
768 2109
69 1451
1540 1447
690 2418
1138 1693
3020 1901
2267 1156
1630 1993
793 2255
2345 354
1187 3338
1787 629
2441 444
3544 1412
2242 3446
107 2643
1177 1711
26 929
1854 1953
261 3867
1097 3787
1441 1924
1794 1358
3340 920
2641 2515
1294 3307
398 2217
1695 817
3651 3766
663 3052
2215 3623
2990 403
193 561
1450 3641
1795 3
1911 3655
377 3205
590 1353
750 1543
235 2354
177 880
3237 2937
490 229
1809 3334
3753 2007
200 1260
2424 33
2993 3669
2106 63
2538 672
235 1551
1574 3048
753 1767
1099 902
1878 3460
2372 3839
3255 2179
262 2537
527 1663
3582 3011
1014 3671
304 934
1398 2587
1634 3363
249 864
3266 660
2822 3724
2685 244
2062 3017
134 388
2749 2322
1188 288
2745 3440
3516 2477
2281 2146
194 2450
3257 1629
1163 276
2524 308
3388 1573
3597 2143
3169 1007
3228 1069
415 105
893 2354
3836 27
1539 1943
3235 316
1728 1409
2178 2978
1238 770
3512 2335
2734 3463
2833 3600
1350 291
2638 3294
162 1583
1424 2911
2162 2548
2786 172
3864 2049
87 611
533 1384
3714 2960
3493 3277
620 1952
2837 899
3374 933
1205 3352
810 2763
351 1481
1706 2499
968 2595
641 2563
2411 1008
2925 3634
765 3486
387 1091
3664 207
1588 446
3125 1912
2339 1376
120 2177
577 3173
903 3364
3575 3555
2245 3794
2345 19
3602 938
1787 2247
534 1262
3178 1885
149 3128
2716 1706
3724 1166
3356 911
2847 2543
1852 3640
222 958
620 1689
1677 401
155 242
134 1673
2286 3603
2258 1245
3199 309
3285 3357
322 1
1981 49
1184 1716
2671 1035
2260 3548
2778 3594
1692 2964
3474 798
98 1326
56 845
2148 221
886 2228
2775 3044
72 1846
2772 831
534 1272
70 2120
3147 257
1385 3439
202 2036
769 3800
1820 2244
2548 3388
1855 1068
2134 1121
1565 409
2529 2566
2017 3592
2781 3012
2902 674
3635 2238
1572 2796
3552 2019
3811 1462
1475 1776
3086 3072
1773 2679
2453 2739
3622 2474
51 1018
3054 3300
677 1364
2159 3467
965 2484
2168 2303
1589 16
3871 250
3670 3701
3 3454
800 540
3265 1473
2476 770
1755 651
3561 2723
1860 2310
3749 1490
2908 3251
3165 3780
2546 1688
2531 3459
1443 2425
1696 1845
357 775
1054 896
1046 375
2875 3108
1628 83
3229 505
400 1741
2543 3756
1652 1096
230 718
2600 2550
3566 2982
3191 2433
1781 1560
3220 3547
2608 1542
565 1335
2079 225
1966 2370
2727 3696
2373 3087
3641 2598
3389 2534
1042 3831
411 3859
2799 3466
1636 2485
2914 234
2788 3383
2083 2624
911 1884
683 1369
1609 2821
2913 3414
1140 917
3288 2271
3476 758
480 699
2894 1276
3666 1440
65 2926
751 3402
3837 2880
1765 1240
1641 510
3417 582
3085 3583
3767 2362
1841 1545
901 349
3615 1195
390 1182
124 1951
2923 2391
2876 1360
3069 1607
3530 1404
860 1483
1321 1384
3599 18
2191 671
2895 1953
2839 3721
1674 2241
442 2393
2204 1972
2660 1304
3764 2811
314 3363
2706 3144
1302 3276
1945 1114
32 3544
257 1119
3292 3711
763 576
2020 3441
3792 1044
2452 1080
1239 2612
927 2074
958 182
319 1999
552 1983
2900 1233
2558 1657
982 2307
2248 2210
3059 3116
1725 584
2975 2488
657 3075
2245 1
137 788
3031 2135
190 270
40 183
1658 3161
443 964
2302 3198
1434 724
1591 1228
1007 1597
1423 2881
491 1466
628 2688
1898 79
684 2349
1332 459
3020 3855
2025 1904
2938 1563
846 1679
1103 3210
2921 3753
884 3793
1713 172
2988 2267
3420 775
2653 301
1356 2797
708 1776
1408 1274
3572 1024
2065 280
2963 2713
1640 474
2498 2098
233 1587
1216 1274
321 3850
344 3416
2430 1851
809 156
3150 1506
3108 525
3455 3359
2602 1117
2184 977
3698 955
123 2786
2421 432
919 732
1592 3034
3333 3143
588 2790
2090 402
2656 2151
99 1531
402 380
809 1507
2764 2567
3499 985
3786 3523
3719 2746
1414 2131
1991 3178
435 394
1533 3306
286 3120
1191 3414
89 3202
1790 1009
1429 47
1390 883
2358 1497
1783 4
196 1158
1746 3725
3045 2709
546 28
2872 3858
2494 303
1050 2305
1974 2479
2135 1882
3796 1202
1729 1559
1189 491
1282 1763
1772 1790
2757 3529
3569 2650
2271 2064
3845 3026
1442 501
599 3063
3052 3435
3346 2946
2291 2893
643 1469
3249 3215
3239 866
1135 3024
851 1949
1607 2535
37 1978
389 2820
503 3767
419 1333
801 192
2039 3585
3322 3697
2013 532
2080 2801
2639 2536
1917 1288
3805 2863
2866 1862
2362 1343
1976 1474
3257 425
1726 3656
1459 3721
152 584
3179 2307
3430 959
527 2047
2617 2404
587 3720
3179 3545
1412 3706
42 2437
578 545
2010 2905
2422 876
3260 2667
3376 1538
3834 2096
919 2204
1975 451
2466 939
3843 1039
2941 62
1796 2470
551 1264
626 1088
1213 379
1406 2793
1197 424
1933 1554
1754 1944
3652 2196
296 523
396 3566
2432 2645
1303 1529
1798 1640
2461 925
623 662
1339 3274
791 79
2840 2252
2325 1436
1645 2514
2048 1277
3240 2753
3536 2837
3293 3621
1486 2472
3630 2428
2219 977
868 676
3198 2369
3208 3619
715 2248
2461 282
1133 2675
328 1242
42 1966
3418 3497
1241 2774
2690 813
1259 2508
2499 1292
801 2537
2676 1621
2018 469
760 1467
1498 1354
2547 447
3712 898
1862 3060
1481 205
3691 2657
3502 2206
3107 942
3016 2179
2619 974
3093 3462
3537 2359
356 2270
517 1344
1724 2347
2229 2860
1584 3565
1238 3136
1535 3195
2813 2490
3408 1210
3279 2010
2676 1360
3518 1818
1037 298
1437 2904
109 3123
2971 2389
1843 3441
837 615
2738 843
1905 3596
3614 1594
3688 3628
1106 1962
2905 1074
2942 2762
1761 784
2901 2626
461 798
3100 1212
189 248
879 3282
2596 1034
363 2097
1628 71
542 1479
3321 2635
705 2003
2722 2843
392 3831
2058 971
1296 1270
3181 1000
1468 542
3343 2144
3447 3197
2735 2930
430 3256
945 2641
3041 2760
3576 3093
3034 3166
1815 1687
2235 3296
259 2217
3117 1097
382 2825
174 316
3069 2607
3140 2948
2644 3033
2821 3438
1511 936
700 2932
485 3695
1985 1285
333 3394
357 2448
1323 538
2655 1748
1722 3217
1979 3400
1209 2120
1907 1766
3631 2396
417 2766
2481 3598
3765 1326
604 2243
1780 1596
3352 2201
1210 317
2951 90
467 3212
935 102
1647 3696
1136 1530
2440 805
1185 2881
768 2611
36 698
3450 2734
1280 2868
3092 2042
3409 863
77 2092
710 2137
670 679
112 1150
914 1940
3345 3091
3265 951
1731 1691
2333 2129
2609 3164
609 657
846 2606
1947 2334
3730 3057
721 918
784 3106
331 2374
3123 2505
1256 431
2363 1996
96 3324
3675 3541
223 2337
1382 890
214 345
3250 305
2680 2338
2163 1099
3171 2551
644 1403
1053 1151
1880 2046
2814 656
3272 970
2080 494
1934 3673
2741 3509
3059 3501
1601 464
2599 2234
1797 1614
2471 2984
1522 1571
3271 3775
2312 1426
3612 1470
3148 2782
294 1648
1923 2340
2347 44
779 1762
1617 3094
2787 3184
802 728
1183 1055
3698 2021
2595 2117
2458 3337
3153 2516
1174 2581
131 2560
3528 1337
3759 1281
243 2359
2634 591
2757 2142
3471 1712
2756 236
2203 2720
2090 3122
713 1456
239 3469
2016 3521
1592 31
1472 315
2884 1841
2328 1176
2744 2673
2577 3419
2604 1124
1590 776
3624 750
1298 972
2139 1377
2426 3046
2751 764
1716 2
638 230
109 2834
1119 719
1291 894
1295 1636
1132 1338
1144 1638
3403 2556
1597 1388
2827 2944
570 1523
2977 3088
2753 1053
3119 900
2066 2639
1364 1519
786 3693
3661 1660
3604 22
3642 3824
794 1331
326 1231
422 2845
2520 670
3339 1029
3825 2673
3546 3742
3855 1596
1021 1835
439 3709
3103 475
1935 1886
1696 2273
2443 1797
968 2491
3043 3601
1824 1134
2145 3707
647 1332
3423 2796
367 2247
226 3848
508 1120
2075 1662
2913 976
3294 1669
2871 2623
2926 913
3419 3269
2812 3065
1457 644
3573 1109
3367 1516
3190 3760
21 800
1489 3368
2632 816
2176 1875
2074 867
47 448
2246 1921
956 283
2609 450
2364 2240
2137 323
472 370
2680 857
378 2816
2344 827
2143 1963
1803 1672
1582 464
1173 693
1147 1338
216 3350
3118 3669
2894 1201
536 1503
653 2496
1939 951
612 2591
1237 2529
10 1945
839 3235
1672 858
1656 828
1734 1342
3380 2859
196 2957
3489 1960
1615 3863
1555 1928
277 630
317 606
668 3760
592 3471
921 3262
1770 3783
2156 2070
3367 2516
2088 2182
3025 2261
2019 1876
3640 1978
1814 2978
1235 1916
2198 2430
2711 1947
306 1467
2383 1400
1132 2750
1187 1764
2296 2486
352 3718
1984 283
1296 200
2793 1485
121 1186
3310 669
245 3329
1339 1836
3233 2891
3386 1685
1909 267
1578 1003
3648 773
2998 2513
3413 761
3812 2539
1148 7
2401 2725
1287 2518
143 380
2239 507
2731 2924
2818 168
3330 2552
180 1096
1118 2304
256 2460
3401 3810
2399 3252
956 1631
1932 2683
2213 284
3442 1571
1073 3425
3023 142
3387 2611
561 3037
2436 2712
1900 2742
2566 2575
2315 2589
1499 1253
3417 2674
3658 2208
76 1252
1105 832
2633 2343
1329 3153
1624 1324
3200 767
1067 2139
67 2819
3813 2582
2050 1514
941 1168
450 3838
1988 386
1171 2073
397 1508
922 1522
583 718
592 1218
3132 3639
1076 1684
2561 3848
93 2838
2337 2972
1161 3818
486 208
1273 1920
1197 1990
1554 3734
2823 1054
927 2464
31 1166
1115 725
1903 1231
2765 2381
1758 3779
3457 2415
3130 1892
3135 1806
455 3678
497 384
1932 2263
1482 285
1731 2039
2555 849
1529 1245
3050 3333
613 367
3398 3275
3636 3133
873 520
1112 2853
1368 2681
2085 2065
329 108
3321 921
2897 3042
632 1236
80 1346
125 1000
199 26
655 2144
3581 211
3287 60
1869 359
1001 3656
2077 1172
3309 2574
3658 3472
3461 3470
2684 1957
1371 1682
719 2040
3234 1747
1821 1438
735 3692
2862 3124
3323 3762
3157 1429
1811 1414
2824 3501
2776 706
1836 671
85 1192
2249 1480
3782 3027
1320 2549
2586 1484
1906 181
2043 1152
1802 1075
73 1239
1775 1768
30 1253
2826 2614
3769 681
2141 409
1215 148
2208 2559
2408 979
326 1681
1728 2364
2962 2820
2996 3515
2049 3303
1298 2994
1459 3029
2350 1634
1878 271
2379 2024
404 3086
1879 511
574 3850
3149 2207
3728 114
851 3144
1957 1317
3567 3338
137 3555
1070 3770
428 1391
2822 1453
694 3260
2194 1273
1130 1478
3600 3537
3183 3102
2888 3577
240 2989
636 1233
126 365
1098 842
2319 695
2468 2699
3785 2029
874 1243
3188 1325
3390 747
3781 3359
2361 1587
3467 170
2173 1474
2831 3652
802 3053
3301 1635
337 2498
30 1016
148 3030
255 3708
269 1439
1430 2011
406 893
1151 853
2004 1149
758 2677
143 260
3637 2026
1859 944
1882 3399
20 1764
2729 3270
2640 211
50 1297
2658 1365
943 1562
3629 2394
3159 1172
1816 2969
950 3832
1248 845
803 3715
1110 1051
681 3608
3840 582
1659 1363
2728 13
3705 2547
2311 2201
3436 2853
3006 335
1499 368
926 3057
3726 2214
120 103
3653 2519
203 2482
2740 2701
84 344
2202 2426
2195 2645
1704 672
3105 2769
3072 154
3322 2262
1375 2827
1492 452
1742 1972
1526 1651
554 3043
2685 2510
3526 1122
2655 40
2980 3668
1653 726
1475 1965
3066 3607
1101 755
3311 3002
499 1194
1497 3706
2238 3242
2128 2893
999 782
1203 988
1948 2791
2810 2948
1619 3135
1600 3264
2672 2495
918 1908
1528 1645
237 2368
3398 427
133 1487
3243 498
298 833
1654 2800
729 3472
1206 1840
360 2852
249 3392
3258 2023
3464 818
2231 990
3701 1094
1419 1942
1505 1650
3390 3004
991 3445
2882 1982
1396 3172
3401 2331
2624 3281
2005 307
2336 2413
1316 2906
175 1518
423 1871
3545 21
2569 2917
1065 1993
2230 543
757 3804
2528 3442
2259 3531
250 145
358 3768
2352 637
3042 1638
1094 78
1265 1072
1707 3331
3051 3362
3869 677
2097 1300
2121 1413
1832 2592
841 1627
2383 2264
468 1704
3068 1746
505 74
2297 1605
2136 940
1213 341
3364 3269
2718 1125
3447 1546
34 2955
1451 2108
2743 2880
2658 3159
1179 645
2036 1227
3649 712
1976 2777
1923 3297
1967 872
3532 3772
3028 797
2768 986
1204 3626
1729 8
675 3381
521 3774
3046 1276
3444 641
2431 1561
2322 3527
929 1394
1043 1250
184 2584
1431 174
1268 1341
2314 1026
1528 745
1946 3865
3587 240
3811 2981
2441 2357
1433 1552
1703 2318
885 1116
1936 1463
3810 81
3449 3647
2672 807
1625 2730
2812 2475
894 2312
1782 2686
3763 1699
1264 2406
3212 2564
1312 1208
1936 2534
266 3219
1500 3271
261 2708
1085 1417
840 2889
3550 1723
233 1403
3166 2725
2871 2852
2633 375
3411 3358
2872 706
579 1148
3809 461
503 2466
2803 1889
3502 2931
2807 53
1433 1088
1835 1468
997 1416
1185 947
63 150
3650 1697
793 1455
3174 2576
3720 3155
1906 1822
2650 1049
3014 3704
848 2390
847 355
314 3180
895 949
1701 1844
1850 881
2021 2084
144 1310
1575 2791
3451 3248
2375 229
1322 1919
3138 1266
564 2870
441 3816
2284 3192
2385 813
814 1988
733 2070
3659 2737
2490 3202
1144 1057
711 3313
3328 3285
2046 2785
884 636
1325 3008
1585 995
3821 764
1395 2301
136 3152
1270 3428
290 462
3481 634
937 1398
2807 216
2656 410
2103 963
3378 336
749 2824
2000 24
66 742
204 1826
2015 2275
1877 3063
697 524
3844 94
598 2260
2710 3522
2936 1348
1547 2804
3611 445
284 8
1629 540
1748 3507
3448 1023
3819 2787
2419 651
1236 3571
1038 3572
754 2510
2883 227
618 3710
2587 46
729 2902
1293 3061
3580 190
2613 1784
2299 476
2203 2889
110 1490
1546 878
2282 3393
2844 586
217 262
58 1186
3110 3443
1769 1415
486 443
1711 1534
1694 1793
412 45
213 2483
215 548
3635 804
1850 2973
1618 3360
208 2963
2996 2164
2538 2742
2434 1286
570 545
1184 557
602 1354
3751 3836
912 3589
2094 3835
3203 848
1954 1167
382 2324
1574 743
2879 163
1131 449
3223 2531
2727 1146
2856 2082
1774 2355
2732 2057
3513 1808
1617 2615
2128 128
2132 959
3575 3280
2168 960
1101 3078
1428 2766
2863 3516
1863 1508
619 1744
3650 2829
2896 1861
3660 1307
530 2200
2875 421
2748 209
2511 2652
188 3370
3431 854
3657 1011
97 3791
3694 3249
1257 3013
57 456
334 2276
915 2659
1390 339
3859 3609
3387 3700
2392 991
153 2779
2152 115
2808 2722
1180 1250
2877 377
2127 64
1626 2369
2654 806
2817 1689
2979 1710
1285 3238
1112 2638
3360 429
151 438
1416 3245
103 1075
1350 3121
2400 1885
3206 1684
2105 1686
157 1033
2696 285
3800 124
1572 2729
1328 2072
2160 2703
2378 117
2392 3121
1024 3828
2983 1290
1538 275
716 774
102 684
1633 1300
3685 2292
3397 522
1905 1691
1345 3768
567 3175
2544 1450
1460 975
3410 2573
3733 218
3814 2218
2670 1507
3531 206
2236 3098
1465 537
155 3523
2756 1872
2346 3116
3746 1968
1646 2698
2686 3865
1827 3629
2666 1141
2082 3421
1631 1446
441 2692
752 3139
1789 3554
543 3323
2585 1967
1445 439
1598 3520
1530 3222
1419 665
2470 2956
3040 3722
1205 572
997 3262
2292 171
3567 2593
2985 531
1983 3494
1266 2773
3439 2679
1115 1756
757 2491
834 3229
2200 1018
2771 3418
1521 1421
2154 412
3090 3666
2990 1293
433 2764
165 1215
2882 3632
1624 509
272 1473
1005 916
2136 906
3853 2883
88 1436
507 748
3168 234
1500 3460
459 169
147 2792
401 2330
2901 2936
3408 2806
2451 1363
387 1207
3105 1775
3243 3813
547 1010
2442 3119
659 2909
1655 2997
2115 899
622 713
426 3071
3773 2862
2966 1310
2132 3748
3727 1570
2098 226
1535 2784
1744 596
1455 1084
2512 1935
2467 688
756 2018
936 1960
2629 1886
2453 299
160 2741
2317 3003
199 2124
2525 1671
3749 1212
3731 714
3823 195
1747 2649
761 2556
1388 583
687 2858
2041 1516
2353 99
2966 2138
3867 3373
1568 2145
2063 1823
910 521
3176 3594
1545 2166
1799 3133
844 325
1925 2731
2067 756
2157 1828
3729 2568
2487 2506
1690 1959
1156 364
2367 2873
1062 3695
105 1495
3142 3821
581 276
3029 1356
136 820
2594 1128
2303 1973
2695 3479
2020 3499
3745 2190
1537 3001
932 1973
3492 3553
3842 787
624 92
1373 950
614 530
559 1038
3335 383
862 3085
1079 2637
2514 75
372 1564
3251 2465
3857 163
3456 278
3092 1225
2785 3274
1226 1246
2991 1510
1346 547
3158 288
2181 1104
2622 2332
1881 1111
2266 1399
1987 865
707 501
437 3595
3763 2949
2450 3484
70 3485
176 3579
1399 1242
3434 1373
2515 130
3613 2830
1395 2477
1004 3734
1964 844
3827 3120
2535 358
2700 759
2897 1962
1471 1981
3104 504
604 1260
2780 2003
528 3529
3750 590
2626 2438
1222 2351
482 2591
3580 2116
3518 3308
2102 2578
1788 1344
515 2687
3562 3111
2903 805
2101 2274
2129 945
3426 1512
3843 494
1769 3325
3553 1688
3844 2841
2647 2060
1825 1921
2992 1463
1052 836
252 69
998 3683
2155 1153
264 467
399 1614
2952 2056
3136 2771
2954 852
2081 3177
3538 2953
3644 850
1977 2694
2698 502
332 675
1400 3304
3543 814
1619 3300
1896 1577
438 2489
3005 117
978 2294
3384 1733
923 2150
2767 293
3676 3507
22 2688
265 1309
481 3303
3667 1361
2395 1849
2600 161
922 840
2540 1025
2092 2216
687 1200
3400 2308
520 2803
858 612
3192 2981
1644 594
518 1898
731 1656
816 3211
3371 2922
1328 1956
1510 3402
1771 1754
2108 3841
691 1810
145 1370
2761 2318
2867 866
2377 1702
2933 3283
3183 2442
1580 3336
1410 526
3463 436
2935 381
1992 1603
1763 2597
3189 3643
1520 1200
717 2524
2687 3785
1613 472
1558 3236
3804 1608
3585 3775
2718 2584
1157 3704
3374 1006
2706 1306
2121 502
1588 1515
3515 2114
623 2836
2854 1472
222 771
166 219
3868 158
746 471
1162 3115
1859 1826
308 1190
1225 1938
2351 2916
665 925
1161 1461
312 708
96 1071
3837 3151
3461 68
1336 3697
2279 3068
1777 186
962 2509
3350 3606
1407 740
2938 2735
1418 2589
3253 2737
2945 1113
789 717
1291 650
1378 3148
1302 1665
1045 3299
3504 2797
3483 1283
3302 101
3261 1209
3520 3351
1371 361
153 3452
2087 91
95 2842
1949 11
3065 1657
1299 1964
2045 981
3659 2199
617 3809
2903 2056
1891 673
1263 2747
697 2504
685 424
1461 3498
2295 2671
1142 795
2460 3861
2310 2124
111 1532
3824 3578
571 10
2051 3869
2912 762
3562 2033
3561 1143
2969 321
1084 948
1454 1544
1647 3557
753 1523
1230 232
838 2276
1240 3727
737 1856
1620 88
2050 1586
436 3672
3738 1386
3677 369
1649 32
3645 1601
3443 739
1803 1806
595 3366
777 2017
738 2528
975 85
2169 1829
1952 3157
224 2133
3851 826
1822 2471
397 3349
835 2738
1873 2642
2752 381
198 2254
2519 332
1651 1290
516 2808
59 127
1719 3619
3547 477
2011 2075
1730 3737
2281 2433
1894 3558
1031 3789
2153 2628
479 268
2541 2386
1426 146
45 1105
1397 576
1063 3786
305 1581
138 3687
299 2521
1786 3617
2101 3637
2117 3505
1958 3090
3132 575
3326 1595
1605 119
312 855
2169 135
3255 306
1496 2209
3468 2099
2763 1659
2700 2429
2037 580
3204 3312
1320 2758
3616 2570
2699 978
3225 1693
2151 1229
3742 779
1401 1040
541 2478
3050 373
303 1609
3487 2239
1807 420
3127 2306
242 2197
850 3533
642 2945
1141 954
2016 3758
1551 3752
3000 3372
556 3185
2755 386
2851 625
1074 3403
2422 2053
2714 1903
2161 1032
842 2189
2629 1372
2562 603
2709 2107
1243 1365
34 2317
1271 2225
2130 714
1915 923
3631 1896
246 873
699 652
107 2479
1997 3343
141 1742
323 1009
1738 3302
2929 3766
2149 2044
2095 3056
2968 2047
3784 2290
