1469
1365 900
84 740
110 616
476 39
188 1194
1003 563
1058 325
531 866
1412 843
1162 1419
83 300
568 1174
911 69
58 611
1160 452
918 343
701 430
910 665
961 175
1213 752
414 334
811 474
421 9
385 1416
81 1116
159 694
820 792
379 1034
989 421
1302 840
511 685
781 422
228 893
1394 334
1082 972
1297 183
1364 1263
194 759
597 1339
1332 344
944 529
1234 988
1174 439
449 1193
244 675
1363 657
341 626
570 371
1237 1347
363 80
1286 339
854 1137
358 23
1040 105
89 991
1276 769
17 180
473 60
425 40
1308 1123
1240 1242
666 22
663 964
1316 207
888 686
465 926
241 344
287 831
1230 1157
138 337
265 1197
240 373
1350 144
842 1223
1204 1102
184 232
135 153
55 122
951 1147
103 540
690 1399
27 1225
523 96
575 836
1463 179
1184 565
810 888
1313 822
1246 466
1410 586
1117 858
776 101
7 229
734 1225
192 1106
1173 833
258 342
861 66
1249 1216
91 442
909 1055
457 1192
1085 1215
1128 1418
1217 462
292 1229
1119 1406
927 1296
1158 1149
298 1322
18 652
536 119
220 1025
832 252
525 1079
949 766
15 1465
599 806
563 691
907 211
505 1281
772 1327
1331 353
572 1260
1037 1327
993 1362
589 295
670 792
460 903
1346 705
729 152
299 211
369 483
1057 428
1253 1022
883 529
355 1005
969 918
627 600
839 1196
836 961
375 1385
1081 864
296 1237
357 617
122 191
1122 479
1315 744
738 268
1460 1014
13 61
1367 388
1378 1272
128 1189
33 1125
883 23
1360 140
877 1443
1465 587
130 164
71 266
1384 1334
857 1454
26 1069
251 458
6 972
936 1285
1055 513
21 147
1003 1013
648 462
1447 1309
491 223
613 1329
5 1271
1152 960
70 654
75 1348
528 279
1141 366
768 168
1434 348
1045 307
187 591
1248 736
1062 639
77 960
1062 1076
586 489
479 1045
188 383
976 622
485 190
581 1186
794 59
189 1039
582 869
36 526
279 1179
826 335
1456 1439
198 73
1453 822
1301 667
1279 934
1233 417
413 384
101 219
441 726
1181 1210
1179 1331
716 878
697 237
1358 514
1131 129
400 323
966 616
666 1156
560 506
793 985
217 315
1092 126
1135 976
754 337
178 576
849 1132
264 16
652 360
1142 714
150 786
819 1025
902 1311
450 1166
1368 834
1083 277
1335 767
127 739
1068 238
1301 1133
124 880
935 1334
121 1091
62 1444
1060 604
1187 1006
141 875
68 856
512 632
328 516
789 412
511 668
500 608
747 877
784 98
711 19
934 326
945 1189
343 703
1065 640
1400 35
894 1080
382 919
273 204
268 597
1205 1446
1296 7
553 852
1162 1094
763 994
799 1181
1428 261
1318 384
692 426
319 733
163 990
1336 1348
232 1195
679 1175
1067 898
20 598
1349 1217
941 811
950 538
321 659
1367 997
495 217
917 59
676 325
840 773
1155 1036
679 4
628 84
204 1223
163 288
270 908
1280 698
1182 1340
87 1000
149 380
843 677
94 1432
573 1398
898 423
216 1337
887 784
280 255
1102 1292
1197 1187
732 1343
531 677
177 1357
1332 963
881 165
196 809
470 1251
685 521
429 326
865 481
227 480
732 948
899 447
924 593
878 1207
425 1353
221 651
955 486
1167 93
362 1278
481 771
22 184
520 1220
841 737
778 240
1169 1029
30 158
166 143
86 674
1314 484
250 424
774 79
20 357
1374 992
170 118
1019 608
324 416
1352 157
159 317
148 1309
233 1426
889 841
13 162
31 959
1146 356
796 1208
170 1244
1112 295
1386 75
1030 1355
1014 517
142 1029
979 1116
503 1323
837 132
641 1194
742 644
502 793
463 345
865 1293
925 1432
381 1277
912 1110
1106 948
1292 41
817 530
1250 546
1137 708
755 688
506 995
1290 156
1143 1425
329 905
1300 415
171 991
1297 354
92 958
1159 282
873 263
1254 680
1024 181
256 688
1279 824
924 1362
1246 787
1270 777
658 1232
854 1378
285 568
1302 637
938 242
799 681
280 580
1252 177
2 541
1144 460
451 722
716 884
1406 682
1454 87
1026 1093
630 554
1355 1452
371 416
985 794
589 897
29 403
495 618
1054 1084
197 504
224 1439
271 539
273 1360
44 555
17 653
418 1168
512 1044
1124 185
633 482
1421 488
389 851
100 310
50 999
610 1028
45 691
901 1154
715 1138
1120 870
1351 335
145 513
1060 403
1306 930
867 81
1099 980
813 844
382 547
953 1396
720 1205
1001 828
800 533
360 202
1363 998
835 527
427 1286
1341 1080
173 191
108 1287
797 308
205 74
316 782
1258 560
1180 1228
133 436
1255 645
347 1457
200 1172
210 814
1032 112
1023 259
534 126
455 1316
1397 973
808 937
109 790
595 539
124 39
1376 773
515 209
63 1423
651 848
538 40
569 921
1096 762
218 1052
846 1283
577 699
710 368
1242 257
814 962
902 315
283 532
727 1249
906 1274
1177 321
723 1322
348 621
1145 1401
49 390
54 406
1416 1021
1077 683
758 942
548 1127
60 1372
907 203
915 167
742 418
1125 156
1000 1028
38 212
757 1382
497 567
1214 755
1464 1399
372 167
183 1027
914 209
235 759
1150 432
1245 419
588 709
9 564
856 1275
338 127
816 970
229 680
123 661
1392 256
1212 788
190 1182
721 830
1105 69
409 1010
1425 1229
713 1241
1466 975
581 1435
1046 97
304 751
1087 1469
668 394
454 16
1103 1072
433 41
1273 143
134 261
1075 1108
11 352
132 728
1113 831
1366 922
43 1199
1373 547
465 767
125 887
85 699
387 707
1087 25
200 524
872 812
394 1067
1218 102
1455 1111
701 1393
636 333
29 497
662 1435
785 1457
858 639
1404 683
375 1318
1265 1173
65 476
1002 535
626 28
1287 430
248 396
904 398
429 505
1377 1168
957 874
1041 582
354 1359
52 556
482 631
520 892
377 284
187 1165
379 415
744 1043
823 853
1256 996
314 1373
501 67
24 1238
448 276
1306 965
440 941
1058 707
554 193
630 1148
293 1240
598 629
1437 262
100 477
1310 882
182 3
2 166
700 684
1462 289
724 1460
1303 655
595 508
940 364
696 385
1404 141
362 925
1239 1214
1100 353
306 1354
544 897
821 650
927 974
761 1401
241 1319
271 559
422 236
804 1012
407 510
1272 660
1011 536
404 226
253 671
656 365
468 863
826 662
879 571
687 1114
1190 1203
825 402
1122 1329
859 1391
628 277
1151 146
770 396
1011 1059
1207 1222
208 640
201 772
926 441
1234 664
435 324
56 655
405 1059
851 154
1143 682
968 1359
645 1084
1407 66
790 885
483 414
1412 996
1372 1085
760 90
1211 943
70 1107
853 1308
206 956
297 205
1397 801
88 544
1004 605
543 1398
230 801
262 114
971 1421
596 905
615 1057
236 1097
447 313
104 922
393 579
466 590
798 1235
1325 720
265 886
251 653
1255 1347
113 1139
459 1330
120 566
338 693
981 1033
714 1008
1380 214
900 671
1082 779
542 1104
136 1353
1235 1146
186 111
995 1394
1268 312
931 1012
1152 1387
278 603
1043 1456
559 863
352 676
1413 1383
549 313
584 612
1257 76
1419 795
769 1396
992 456
1089 288
1176 1427
222 1016
1345 700
631 990
246 846
1340 443
1386 426
195 1199
264 152
1075 847
47 199
751 1208
1449 895
572 641
1468 117
99 318
478 632
1253 657
496 350
667 1356
160 45
308 734
1063 1128
834 550
498 254
1212 114
1096 72
1243 267
464 724
914 752
1388 290
953 829
239 1036
1009 1261
573 1048
51 1409
1023 1077
743 697
1044 1020
1241 1141
1120 780
919 1153
499 115
569 678
160 48
469 388
1219 91
904 435
1338 1098
1124 634
868 1430
672 10
1420 1374
780 678
56 359
1021 1158
493 82
78 742
764 940
1054 1338
154 76
869 1357
290 1206
984 620
11 402
1090 1259
51 1176
810 1422
649 770
381 134
1366 950
386 1266
247 342
395 1035
541 749
395 687
1466 725
947 519
1393 959
1133 367
828 1072
1097 999
694 1299
1395 861
475 638
237 809
1293 1417
1071 231
1183 364
533 149
1239 684
1282 1039
28 202
783 913
304 1115
493 552
1163 226
923 1177
327 1375
1403 1050
225 155
1261 643
340 891
1310 96
245 504
823 1423
847 224
738 346
1451 193
1442 453
54 454
53 64
745 850
923 1294
361 737
1041 1107
391 549
1248 1313
921 50
1074 266
221 893
797 689
182 942
1022 548
1280 1358
807 89
281 695
201 967
195 758
340 1183
876 1185
712 12
808 377
136 650
1330 739
1431 871
540 299
292 471
1024 709
86 611
1063 1336
119 875
988 874
212 1343
890 646
1203 1461
917 1245
446 1410
596 1010
1016 433
118 1298
1038 391
629 155
719 765
1369 715
1453 171
722 478
1275 1420
615 130
607 763
871 860
850 1364
92 1341
606 775
1445 771
161 1307
420 206
1307 289
298 409
782 1209
1198 584
1305 116
228 432
1448 68
1328 275
111 746
1049 561
901 1218
621 457
786 591
518 331
1224 647
440 6
1252 235
249 55
783 376
37 323
281 802
1291 949
561 1283
876 1315
844 610
891 138
537 120
989 1448
1469 351
979 964
1175 1074
1451 692
508 1088
239 502
1092 789
1450 1130
522 199
604 1070
557 578
1259 1418
173 1090
450 741
49 791
1081 26
287 1247
38 438
1157 526
468 1052
1056 102
278 1384
1311 1251
555 748
246 469
1150 1430
214 1136
1233 1147
1103 407
835 259
1236 1417
515 294
768 1170
258 8
619 1132
1356 128
361 42
1215 310
230 322
142 603
1086 94
106 1403
1224 93
617 174
1076 930
161 669
1369 404
1118 243
12 1260
648 1121
1117 1098
929 1037
408 231
316 439
1031 944
485 1078
824 1375
975 1030
1402 818
1247 1210
817 52
176 849
1180 305
571 1138
257 260
562 14
389 67
1436 635
860 294
1053 556
1270 1219
477 1226
674 1276
112 318
455 105
1463 702
1069 1227
1262 665
15 521
408 1185
805 1414
713 777
1449 986
413 963
1282 165
1020 1047
146 1167
401 993
312 747
649 825
816 872
410 322
181 215
1278 1324
1262 1408
711 957
1415 80
1277 234
855 815
562 1088
1201 1342
368 717
1388 913
1101 756
131 115
78 275
774 107
62 552
1264 436
821 1202
1267 1206
176 496
461 492
383 798
1221 1295
1051 766
216 448
411 1123
297 819
1066 973
517 1408
994 718
449 933
730 129
109 1002
133 73
636 728
1144 1109
1455 804
1468 85
892 197
123 1305
178 1079
1424 1350
1031 1
600 260
625 936
189 1089
675 614
1395 664
576 320
1254 169
305 785
1458 1129
982 896
855 727
57 965
827 1370
1165 274
729 1452
1119 912
787 889
158 1320
314 986
672 1190
601 1017
845 499
894 405
1015 879
607 1317
58 656
1061 398
1337 444
332 311
168 845
997 1289
1467 1140
1126 19
1019 795
140 1325
1035 1409
46 978
886 376
740 775
1413 564
807 1161
35 558
1438 928
1013 1018
575 117
1196 1228
355 1073
332 725
351 1188
1371 309
983 71
827 510
1007 609
467 104
620 1335
18 1015
106 509
309 1148
238 1056
1458 488
1434 220
1083 203
525 172
1064 285
1163 219
852 870
1328 750
1170 434
1166 1379
272 245
42 113
53 1402
393 1100
234 1440
762 1368
546 401
593 776
1443 1442
192 866
1049 1065
880 1440
486 302
1326 873
452 1266
438 704
731 708
1040 955
881 392
1216 434
64 31
95 1422
1 366
1411 461
172 1371
32 1095
1171 1390
37 1046
291 487
1438 760
1389 1345
1274 386
137 233
453 681
733 419
79 498
800 494
1034 663
1169 349
939 1464
500 578
365 399
349 1192
1319 954
48 967
135 276
977 491
244 565
253 489
411 300
1113 1269
1005 580
545 987
818 180
1365 761
1265 61
1437 1256
14 542
673 65
982 966
1188 1095
330 1232
1140 451
778 1171
968 813
24 196
550 583
987 1193
522 537
748 373
524 286
446 137
272 833
971 1385
148 1042
1257 579
243 862
753 255
1339 1377
862 1006
21 1380
223 270
47 1445
1151 1130
1191 367
1086 317
1149 726
347 705
1050 472
116 1462
721 319
958 1238
72 718
507 932
1105 269
1326 702
213 77
331 943
1321 1304
1222 1400
614 301
970 1269
613 301
1201 248
150 291
474 1284
139 1424
145 1390
1091 659
242 779
1156 374
1320 327
249 633
757 736
330 1441
1392 399
282 1461
952 400
1383 507
574 939
1295 213
543 1164
842 935
328 1333
642 4
928 796
501 647
669 458
1346 954
356 27
911 1033
1429 829
839 157
1289 420
1467 175
937 1209
303 1428
938 475
530 764
931 594
969 929
788 3
749 1414
1231 336
1352 803
359 915
1018 320
583 1231
125 838
753 1134
514 378
390 1342
535 487
1111 1139
83 1160
1178 95
296 428
1236 553
1007 1376
706 1126
283 602
1391 1273
417 345
1110 890
1134 97
956 370
1290 372
490 1038
492 1349
1405 463
1118 1379
1267 464
952 284
1195 837
1431 518
1184 306
516 303
25 1009
1354 717
920 1312
1108 1051
689 1115
169 696
1202 470
1109 1244
1136 567
1271 110
646 1159
1227 741
1145 34
857 660
1200 1154
624 286
735 519
164 247
1001 198
806 333
490 1427
884 1220
1112 311
5 527
981 472
896 588
412 274
1426 392
977 746
1211 622
1198 1200
735 431
444 693
151 185
162 1178
920 1447
1268 585
1312 908
624 980
1344 218
625 1104
558 1230
933 848
1226 1288
263 1303
635 459
978 903
1333 566
998 387
151 1071
33 1284
832 131
254 623
1243 1433
882 88
661 1142
606 1381
1017 910
1263 215
706 1093
947 174
1070 1298
34 30
690 1121
1317 867
551 1114
587 1429
10 378
805 1186
210 1450
1361 250
743 1213
642 673
1131 336
906 437
698 374
599 1459
98 1164
179 1436
8 1053
1099 634
545 267
1351 590
1155 103
750 1073
686 194
1094 592
1382 1288
227 252
57 1161
369 868
406 456
423 1135
222 445
1459 602
1258 1204
609 225
765 1027
358 437
585 427
703 984
802 1061
32 1291
1314 557
637 346
1032 431
574 82
859 302
704 1381
1172 108
139 307
1304 962
370 471
1446 1047
719 74
503 329
570 473
712 484
43 946
107 983
830 1387
380 121
1433 467
731 781
670 1285
480 723
1004 974
44 1300
916 654
1153 1008
445 339
1127 638
1361 658
1191 1405
1250 1078
293 577
838 90
885 1299
36 1048
1264 153
932 1323
1281 99
618 523
397 1389
895 1129
1042 916
1221 1064
63 551
592 443
815 1411
144 363
619 1441
745 1321
1344 627
1407 612
812 820
494 397
791 534
1294 945
1324 623
803 909
147 410
350 1370
509 1026
1066 532
1068 899
601 46
754 864
208 1415
756 644
643 442
341 424
951 269
186 946
207 710
730 605
695 528
