1000
39 652
523 560
749 120
297 37
571 685
337 882
78 870
561 438
947 123
814 964
280 75
534 314
942 928
916 494
813 644
914 249
789 356
462 366
93 472
221 243
741 168
683 103
207 963
537 573
522 967
909 578
738 631
52 327
772 935
422 472
216 665
689 837
617 973
90 896
894 80
308 822
162 102
164 281
14 915
855 891
241 769
481 601
284 618
579 813
105 889
74 78
199 892
596 704
699 801
355 193
530 674
927 492
879 320
524 86
922 669
362 460
8 956
778 173
337 312
295 695
857 223
649 17
985 49
465 357
697 363
53 996
453 554
31 915
892 236
461 173
394 600
506 279
452 541
535 815
416 422
703 626
495 50
589 645
440 686
992 767
259 680
758 133
960 433
719 30
777 532
961 331
270 857
573 761
99 838
382 919
935 702
331 587
766 656
916 45
650 588
953 585
935 470
406 752
127 124
608 330
89 829
818 5
753 609
853 984
364 134
340 542
984 562
518 231
576 473
989 366
121 329
387 646
926 730
607 797
466 414
381 769
763 236
202 530
187 697
862 738
132 33
160 831
745 293
442 655
34 203
243 375
879 284
953 489
105 945
318 929
807 117
390 98
767 744
550 455
651 344
599 318
232 704
491 28
542 491
759 185
140 626
967 284
332 235
391 21
622 601
610 60
986 802
935 226
46 68
201 879
378 930
108 821
833 551
914 177
528 187
935 460
766 658
904 614
759 176
55 362
65 673
543 374
81 740
336 414
147 206
571 978
173 187
745 40
743 58
341 819
506 491
232 984
466 472
769 246
202 151
393 74
601 834
556 313
737 917
463 768
472 141
218 426
170 737
787 827
517 248
280 455
616 852
628 577
263 521
386 445
817 559
232 620
507 358
13 240
898 573
354 814
491 27
438 762
626 964
830 176
41 128
393 348
874 233
681 585
819 692
997 454
309 250
638 597
678 922
234 490
705 332
954 281
322 747
675 325
454 375
519 448
814 66
232 622
467 661
683 521
615 497
754 62
136 598
234 516
318 282
208 517
993 923
295 551
251 133
364 914
370 200
383 659
71 126
709 242
191 30
59 946
798 883
886 407
644 596
232 981
515 309
993 34
843 758
189 990
306 984
967 849
85 763
925 838
484 688
4 12
410 154
645 473
545 594
642 609
190 650
48 733
52 625
216 196
553 159
674 268
843 335
864 929
333 527
499 591
764 775
427 201
986 657
741 57
788 21
835 557
248 911
283 833
514 725
663 281
303 949
973 724
108 7
335 220
359 931
372 723
975 673
962 590
248 674
565 57
855 641
389 220
155 591
652 487
748 179
349 95
209 261
893 879
840 558
131 503
812 715
611 109
617 284
539 524
971 730
977 42
248 561
717 593
1 765
145 993
936 143
58 492
867 349
572 451
53 115
661 232
941 156
745 555
376 529
34 968
967 424
112 942
433 680
765 630
578 805
536 936
583 466
811 979
282 305
4 887
383 704
971 275
318 799
970 287
597 202
157 950
322 726
305 417
68 918
198 258
523 158
502 880
846 306
43 707
339 839
928 586
362 122
649 225
416 965
181 412
217 954
611 991
302 286
7 682
362 163
207 263
653 894
583 940
868 698
624 933
462 358
936 361
543 770
544 129
981 359
932 701
294 699
215 194
615 981
565 379
959 734
220 538
144 859
468 358
135 168
750 752
786 879
807 175
385 958
758 125
511 726
473 792
547 844
314 791
552 493
729 290
91 894
849 114
601 388
227 833
35 647
830 277
394 771
357 700
572 231
977 818
335 824
985 181
683 830
321 836
240 215
908 362
504 113
992 924
258 377
716 125
431 423
816 934
45 854
589 116
95 41
259 573
752 148
617 393
520 1000
962 215
436 522
286 967
351 328
727 520
556 79
810 934
720 987
757 493
110 919
843 431
930 453
338 526
584 452
710 742
752 8
187 421
104 872
820 50
957 624
48 61
938 644
323 259
45 660
684 206
732 799
706 318
854 89
400 957
266 819
139 204
220 593
438 260
273 364
6 55
86 592
939 724
284 709
172 962
903 444
70 605
599 46
297 967
941 546
101 360
146 812
270 312
51 782
117 174
373 932
254 801
11 873
929 57
704 233
9 637
284 669
77 727
817 412
472 346
675 528
19 745
33 551
696 365
168 729
915 25
817 302
418 424
237 512
667 716
687 763
547 112
73 323
859 637
628 312
644 683
83 154
780 247
654 757
166 505
803 649
214 334
597 612
100 732
583 15
228 878
299 412
544 465
424 432
818 780
573 472
256 885
730 578
475 170
618 276
462 90
516 528
785 763
930 679
28 875
338 843
898 790
498 663
322 456
227 783
197 347
808 205
202 563
214 925
44 629
309 284
269 103
417 257
394 111
868 775
822 983
399 591
580 842
939 760
622 573
591 625
976 916
675 885
700 794
799 476
914 957
39 780
179 45
330 161
784 708
358 32
67 358
843 39
298 563
259 161
803 395
568 672
478 239
573 284
969 786
202 929
688 508
858 255
675 832
869 952
725 935
500 330
450 834
369 397
138 565
677 310
62 942
625 477
648 691
664 349
674 370
713 790
415 127
311 328
29 56
915 844
566 732
668 531
405 48
761 447
194 424
88 243
460 882
925 844
166 845
183 618
182 501
491 603
209 671
229 876
902 995
388 602
899 980
999 975
48 878
609 668
613 622
648 326
306 241
876 394
668 178
574 552
851 332
458 645
708 751
485 615
554 84
120 707
297 987
708 377
393 806
305 304
629 372
352 301
467 900
948 355
806 440
922 746
118 191
919 879
540 238
581 636
646 636
323 429
278 530
209 850
184 540
982 465
547 990
141 897
455 324
994 355
377 499
933 907
289 232
756 170
992 542
854 267
680 162
385 472
617 551
740 597
564 330
346 326
254 20
610 441
253 7
709 607
543 758
182 585
148 862
224 766
369 328
407 94
525 322
109 150
284 491
996 804
38 383
693 626
285 126
429 959
484 252
69 312
910 412
232 737
773 370
671 323
743 825
707 861
376 262
831 232
866 262
362 39
15 621
59 349
104 344
286 851
482 533
662 602
165 526
193 319
877 753
618 411
385 591
346 943
737 191
941 219
645 313
731 592
555 429
87 936
597 106
873 179
937 698
41 611
50 356
545 814
419 246
688 215
860 255
683 951
915 690
57 91
664 728
378 793
92 906
443 872
573 698
181 442
93 224
13 101
642 153
202 413
899 748
262 569
830 616
588 882
562 912
629 262
448 879
449 952
669 883
847 179
2 663
694 354
587 959
294 48
785 871
157 63
294 365
813 255
296 282
551 390
262 915
469 919
328 139
367 155
641 385
272 929
259 640
66 657
646 187
426 206
481 439
398 285
822 471
927 35
714 668
846 483
460 452
128 619
998 820
952 275
342 876
378 800
736 881
910 809
517 392
637 10
549 449
334 167
834 544
949 503
819 915
109 130
604 814
664 375
491 445
795 151
639 664
922 634
610 596
266 409
459 253
480 387
970 186
892 294
115 823
321 736
368 25
333 795
211 500
23 434
117 959
353 276
472 344
843 142
189 848
182 813
941 818
384 32
550 970
462 542
499 350
349 737
827 856
528 408
767 292
509 247
1 346
318 72
904 56
126 123
63 572
339 50
83 704
936 845
402 207
648 488
872 523
18 268
995 962
205 622
264 222
298 840
762 371
803 430
541 479
399 107
535 1000
4 362
552 328
189 64
3 73
876 58
380 357
889 901
641 856
415 668
280 352
300 265
316 157
583 149
944 981
474 253
496 795
737 906
404 441
488 457
707 601
719 464
510 981
194 398
266 895
542 547
919 164
742 133
580 322
47 36
181 315
632 245
513 365
788 339
274 709
579 673
428 232
5 54
407 204
326 213
704 362
463 466
583 718
216 244
618 8
806 532
908 666
381 271
617 712
461 212
749 347
808 635
575 587
434 864
460 828
275 843
557 460
869 920
553 106
339 914
142 437
694 884
39 697
627 436
650 623
674 755
925 230
82 227
818 668
988 406
921 39
572 262
889 297
567 293
676 365
776 951
721 913
739 959
876 202
472 45
86 24
724 121
964 319
472 36
648 300
803 1000
321 173
932 872
312 863
668 966
216 883
517 934
984 97
952 781
679 644
570 260
263 396
677 466
845 232
749 152
323 322
713 308
1000 596
503 786
194 512
739 913
294 737
438 264
426 542
915 774
137 550
143 582
190 974
540 284
345 679
24 711
904 478
291 602
517 7
88 826
693 837
177 905
704 288
823 322
709 904
796 894
169 979
605 204
535 632
875 888
349 420
139 601
455 119
633 596
674 76
318 86
136 767
9 486
691 972
199 16
964 967
606 206
599 444
622 171
904 923
280 188
865 278
818 735
314 555
7 26
22 93
144 748
343 585
28 113
535 401
19 403
779 824
685 924
180 523
274 890
284 482
595 90
12 782
618 210
775 811
946 880
435 580
202 323
506 670
133 195
878 317
752 455
192 227
844 645
617 339
819 146
556 446
969 307
548 605
491 841
96 523
722 926
525 643
743 955
987 672
425 891
