1000
536 243
561 59
685 484
59 909
90 456
205 685
313 978
614 29
484 610
394 893
998 877
731 595
266 588
153 356
169 602
604 324
971 194
965 378
737 456
910 649
226 559
472 713
24 884
467 110
199 915
129 792
103 775
266 740
499 689
605 322
778 534
320 458
607 625
351 896
543 924
658 412
393 642
89 523
848 687
800 17
78 459
915 749
924 778
193 406
234 576
364 349
237 654
459 935
99 61
27 405
340 397
737 358
485 750
284 958
574 658
81 309
50 875
262 310
535 306
644 756
562 847
428 509
736 406
331 175
44 896
71 464
188 642
730 278
377 562
541 691
911 599
365 291
7 538
295 664
535 360
752 897
922 239
678 328
219 726
312 218
905 545
906 406
84 8
919 372
443 586
895 766
258 728
755 449
309 87
417 238
389 758
195 17
1000 761
566 974
185 405
617 592
715 466
680 652
151 694
433 866
468 359
648 551
185 633
99 864
303 81
27 828
98 559
584 619
278 85
492 95
465 763
549 396
49 570
948 785
415 452
520 989
449 151
19 597
112 791
429 98
375 282
789 770
697 177
233 351
714 685
347 831
443 139
748 109
762 502
148 935
659 240
429 786
790 673
211 910
706 160
635 50
1 67
949 639
99 691
785 939
84 241
735 468
243 702
919 625
1000 309
386 925
858 309
401 285
402 289
413 135
480 330
881 288
337 466
205 988
749 837
195 710
451 784
368 272
364 70
557 6
977 980
19 720
705 238
280 512
185 230
219 144
96 742
254 353
820 338
628 618
633 207
586 219
295 106
145 967
284 259
151 456
28 369
534 653
709 402
237 848
409 316
979 540
880 475
156 531
285 161
128 889
104 121
467 470
772 915
399 381
507 430
385 25
424 994
234 938
380 392
95 241
494 677
573 572
42 99
934 609
107 968
984 559
43 706
807 236
631 251
817 753
577 973
819 531
459 219
224 966
993 865
790 761
680 982
111 951
104 96
243 87
863 898
909 667
856 657
478 977
266 649
550 194
550 386
567 201
310 310
194 891
440 347
422 3
89 671
61 89
30 343
654 380
10 883
177 940
801 193
564 853
417 565
980 817
412 493
455 543
163 873
505 997
657 467
432 842
689 686
297 235
574 165
998 479
86 962
295 247
144 702
24 342
16 544
679 17
966 455
172 936
108 171
78 348
138 138
394 25
645 216
580 34
324 454
944 594
923 726
729 578
652 584
229 945
674 656
35 418
671 119
911 439
307 818
580 232
27 181
910 126
572 933
961 987
955 353
324 263
395 385
180 67
916 774
853 497
316 672
55 983
937 168
992 332
929 353
412 883
296 882
128 335
174 247
610 322
198 7
688 438
164 976
910 540
1 469
637 571
459 504
845 773
378 594
979 870
352 196
1 987
503 5
369 603
785 50
570 783
4 883
600 40
969 187
617 110
941 536
503 484
636 393
267 876
525 987
782 768
142 474
887 479
631 729
368 629
299 472
938 817
421 150
174 494
912 318
366 297
548 119
546 396
459 354
268 992
489 139
250 902
294 237
113 122
512 39
625 200
2 143
974 681
680 633
350 726
283 869
65 187
72 932
378 9
838 376
388 181
91 467
749 733
249 545
422 367
329 53
379 375
786 452
630 957
983 829
399 140
390 258
997 129
177 746
341 364
829 871
942 269
936 749
232 963
171 936
742 11
706 796
681 18
273 316
12 971
501 490
178 67
919 162
898 465
760 568
84 235
641 879
382 411
961 677
291 899
7 776
486 122
873 904
96 179
319 946
259 633
79 272
616 183
303 995
90 790
94 9
998 621
281 534
324 322
922 730
709 53
801 983
141 765
416 783
501 819
425 126
357 176
148 951
941 406
622 12
160 256
813 346
16 834
339 270
768 660
352 857
986 455
796 635
665 5
114 700
517 392
531 490
373 314
342 708
142 756
517 537
696 407
215 775
284 689
430 293
975 77
465 487
363 195
785 950
181 699
348 319
30 759
715 301
615 303
325 975
174 700
617 828
569 45
412 352
183 284
765 800
534 421
531 340
832 684
248 153
475 565
600 176
349 970
279 239
221 420
322 352
402 458
1000 67
263 641
802 130
223 887
381 459
96 610
191 569
632 139
749 715
792 52
534 601
461 374
735 695
673 345
861 88
772 787
159 975
770 772
375 984
297 414
505 632
290 651
243 711
735 791
111 476
435 477
151 577
905 589
178 55
730 954
218 628
238 742
1 565
513 96
353 632
799 6
570 863
312 336
378 955
825 316
847 144
660 959
535 36
761 816
564 506
299 30
71 732
911 901
351 515
844 366
664 339
104 206
369 111
688 81
375 228
251 987
377 673
380 637
679 108
248 998
372 836
722 371
860 650
458 565
490 676
573 972
739 824
915 229
858 246
714 443
252 597
488 46
502 24
164 668
889 801
438 336
171 736
992 823
358 872
229 439
199 204
60 526
153 846
968 838
103 291
76 781
876 484
571 811
654 796
33 512
272 628
586 636
569 114
394 710
941 944
634 271
835 825
354 975
590 992
603 307
868 918
138 586
528 205
21 987
409 244
570 9
811 673
563 24
71 903
76 180
73 844
249 979
920 728
881 755
639 150
702 988
354 708
414 973
926 320
764 715
782 176
817 729
512 599
917 489
316 882
37 965
496 431
163 737
746 586
184 475
933 175
480 978
577 649
707 822
206 295
535 839
777 221
478 118
144 96
37 790
224 999
52 43
621 459
62 545
508 206
218 640
105 247
653 377
890 405
433 96
356 994
266 891
714 987
925 923
51 276
930 200
525 689
12 715
636 654
557 764
452 305
685 908
85 420
456 645
157 824
613 800
613 472
971 305
828 586
505 404
558 503
118 601
192 709
197 595
813 360
244 126
539 924
934 384
230 864
34 566
62 208
46 117
314 594
615 349
630 49
640 831
441 163
142 430
259 969
973 999
528 252
4 718
137 960
902 442
781 294
692 295
68 838
156 196
701 971
466 286
545 112
237 767
2 886
185 967
541 869
412 260
481 616
43 438
228 334
604 591
156 97
508 11
520 247
11 99
188 705
446 248
314 883
896 635
204 698
300 472
750 636
341 439
629 691
168 422
630 286
685 875
571 643
810 670
394 750
27 410
585 454
961 342
669 894
416 70
404 621
763 675
494 175
318 955
326 582
800 946
746 296
512 297
499 294
18 351
183 732
839 7
773 319
727 473
775 18
103 560
159 210
25 104
686 914
27 620
164 239
235 299
331 140
321 798
452 599
348 698
438 181
849 492
342 38
74 392
944 781
383 861
618 536
791 774
835 153
609 588
28 999
626 127
774 569
913 251
609 185
876 965
448 980
957 779
687 5
249 466
117 542
208 715
998 107
705 707
737 427
407 713
857 196
222 758
403 120
407 2
758 838
471 156
562 459
958 344
53 597
203 670
615 57
771 337
631 233
145 814
61 362
648 814
605 343
330 988
312 555
533 447
87 272
89 762
663 686
121 635
46 325
365 305
664 918
16 193
110 328
643 618
328 539
543 354
917 370
526 846
201 432
987 133
296 94
927 599
277 26
442 146
96 295
903 930
179 372
449 568
3 660
404 326
787 862
315 30
13 435
596 832
743 295
327 909
545 457
947 236
838 447
73 642
378 492
979 31
330 27
755 410
657 36
452 747
677 933
658 767
267 803
724 127
962 9
928 599
736 910
255 532
584 81
426 54
691 376
489 898
373 920
710 966
579 932
876 561
398 924
110 630
9 286
409 275
140 709
481 721
621 929
853 759
611 539
455 528
794 293
787 231
244 483
897 701
900 565
700 433
64 456
863 141
23 754
627 835
735 883
550 730
248 653
244 832
563 482
610 134
696 208
907 974
432 871
719 2
429 402
863 475
955 989
494 506
254 206
731 512
825 88
671 309
237 298
409 130
467 942
970 743
407 249
764 862
616 184
221 168
772 617
808 557
365 202
124 256
228 920
582 257
567 793
509 183
387 772
640 419
218 898
52 550
645 571
847 195
576 55
201 182
54 982
189 963
343 888
496 796
670 151
430 836
178 844
563 975
118 977
746 372
201 610
792 775
1000 32
903 335
867 122
133 773
703 708
190 900
828 848
490 361
836 917
22 380
938 66
922 599
237 303
107 183
565 201
207 5
50 195
105 428
767 885
383 259
834 716
961 346
679 293
555 889
47 329
455 400
702 493
572 679
549 815
109 784
635 999
227 713
945 131
209 840
994 432
233 680
700 863
655 755
102 243
568 296
937 8
268 780
446 724
752 513
789 630
428 155
974 125
211 427
938 553
201 830
695 548
193 708
732 598
596 104
966 438
623 671
898 51
264 239
323 908
865 67
392 985
688 234
584 842
627 62
375 762
931 930
197 704
132 853
664 565
47 787
517 245
242 871
243 79
582 766
740 860
433 507
589 498
973 926
757 157
419 910
648 902
238 555
36 425
694 445
236 647
92 863
990 76
511 33
567 835
498 532
959 805
614 761
346 115
706 707
69 171
546 800
597 42
57 342
749 534
521 902
975 950
143 143
608 806
649 491
820 866
1000 1
1000
468 768
708 251
754 622
620 263
397 327
13 691
191 900
875 567
22 700
941 780
781 793
568 227
545 632
481 693
490 613
585 757
911 121
324 490
506 883
461 671
744 109
787 591
156 700
766 394
51 87
117 335
485 172
308 250
801 813
898 311
404 32
66 436
224 980
905 230
987 10
438 408
605 348
716 427
925 636
963 489
423 515
787 685
122 708
129 615
919 284
511 970
136 805
277 53
546 277
989 852
493 845
900 592
330 306
826 809
905 888
803 219
842 770
336 386
74 93
715 495
351 238
922 163
72 966
945 910
745 255
245 801
265 847
566 300
957 308
57 20
347 834
452 8
989 858
172 206
351 243
200 829
70 295
150 493
433 5
616 974
160 717
693 603
800 373
953 172
771 429
628 402
432 660
561 810
64 173
632 143
116 773
945 457
242 176
510 622
891 741
468 444
570 241
932 10
217 484
126 198
727 285
35 978
46 633
865 907
812 892
167 827
512 271
895 693
17 729
369 716
118 117
333 888
903 871
899 775
176 797
296 199
235 417
207 846
722 540
249 513
545 83
290 793
291 843
24 844
939 804
311 891
748 400
425 453
190 778
642 560
842 861
730 509
811 781
295 813
260 775
761 703
642 48
803 138
747 454
358 162
458 471
190 173
282 296
272 631
245 397
609 462
404 578
510 333
85 820
614 790
523 600
96 149
47 374
780 58
442 549
77 748
67 88
575 451
400 464
363 95
596 534
964 682
644 156
615 305
683 651
223 440
911 50
21 183
249 222
831 760
242 462
212 890
542 715
96 941
217 956
993 108
148 947
417 812
53 93
838 741
460 839
655 579
4 19
272 670
253 330
128 254
145 103
404 343
806 383
178 651
949 54
822 990
82 901
78 253
7 702
33 72
606 273
286 828
891 982
397 197
39 236
707 527
418 443
265 56
894 698
677 351
517 21
636 152
498 189
825 270
483 666
199 983
110 634
854 27
666 898
59 82
9 231
535 593
528 271
805 830
540 304
902 544
567 267
816 204
295 136
695 161
831 135
888 727
88 971
618 894
602 764
303 698
921 533
848 919
375 744
454 431
878 685
539 947
424 419
19 620
783 67
797 73
99 850
453 145
478 863
668 445
505 326
266 608
813 178
255 741
334 222
155 631
748 826
964 971
465 803
560 475
541 751
237 928
404 808
624 869
592 688
869 661
738 455
861 30
415 140
123 741
582 880
49 702
125 206
454 705
426 840
1 747
12 320
573 994
858 960
913 220
35 484
959 915
423 687
901 100
550 172
713 623
243 619
232 839
152 653
792 904
123 844
455 687
331 155
276 573
541 444
360 296
491 910
288 649
321 410
195 470
20 867
605 52
820 751
102 41
297 539
766 486
111 736
86 751
899 250
725 330
24 855
104 748
860 803
702 810
886 229
88 708
487 445
877 480
437 970
786 912
112 824
58 26
759 172
322 604
187 546
213 735
954 46
284 757
278 836
69 531
991 974
972 19
832 762
564 349
376 116
147 928
113 448
39 757
258 568
277 685
287 737
471 150
170 969
781 692
475 771
954 574
838 878
238 790
511 39
881 172
418 215
873 620
270 572
948 574
52 552
877 842
693 53
218 37
891 51
283 966
24 806
938 26
538 415
199 437
398 816
717 995
483 310
150 222
615 165
969 544
193 311
188 535
826 508
228 789
436 597
188 578
927 530
74 743
865 295
464 83
614 632
899 736
74 576
420 241
451 439
701 420
122 358
466 99
795 128
413 707
9 741
836 855
86 967
999 55
691 120
267 540
841 918
723 902
15 217
711 482
691 631
528 652
382 203
394 580
898 649
430 585
30 422
573 875
122 216
182 220
597 199
256 116
637 623
261 189
999 652
59 7
799 633
378 414
746 442
47 632
356 185
305 445
510 899
149 89
65 201
819 136
152 27
242 735
219 56
930 458
428 484
510 539
847 974
375 122
282 747
44 987
793 375
578 880
989 302
948 632
406 2
877 802
379 920
396 872
258 454
834 588
59 758
198 803
184 639
894 967
836 270
422 985
952 495
470 542
515 714
545 821
12 296
773 35
885 315
412 810
139 773
375 712
951 996
13 315
223 249
503 943
441 960
711 671
141 47
559 254
178 297
105 357
402 395
207 948
176 222
125 706
230 195
636 331
208 527
345 107
836 79
300 887
160 288
715 965
931 324
491 247
696 941
100 702
890 371
632 666
647 346
80 978
622 871
28 803
31 594
417 897
866 425
148 16
843 878
504 390
581 438
198 30
548 957
876 158
89 791
878 812
737 361
567 509
871 370
713 716
559 750
688 195
250 823
304 471
320 556
107 872
709 329
141 387
159 305
531 138
278 544
406 237
779 849
607 164
218 365
290 639
23 42
854 857
253 613
938 366
511 303
420 104
695 246
72 5
639 852
647 120
135 265
725 510
5 398
396 126
805 36
258 745
695 472
915 579
325 350
54 837
970 619
814 975
327 195
816 230
569 165
334 802
331 859
434 656
243 359
707 546
371 689
741 828
136 253
838 825
57 561
298 601
350 804
954 573
181 867
569 451
339 350
121 941
485 622
427 650
779 766
751 15
947 113
986 180
246 339
292 708
764 356
166 512
295 636
323 240
246 531
221 613
534 412
171 390
988 459
725 171
902 910
990 344
29 146
134 863
619 752
969 306
170 381
104 627
254 972
954 211
279 407
195 357
881 657
330 818
187 697
469 101
621 81
412 167
747 966
754 849
696 186
987 915
716 618
2 270
729 752
870 306
405 7
305 298
231 632
509 631
431 5
547 281
60 967
759 860
515 614
648 546
212 400
878 756
974 539
586 608
444 917
727 192
451 950
136 919
107 93
897 577
481 899
364 23
26 208
214 270
677 227
432 200
458 891
648 610
675 101
198 220
936 730
171 715
520 749
444 602
290 514
506 546
789 354
270 874
252 619
47 771
634 503
377 674
830 362
432 901
858 90
479 180
77 20
395 796
304 74
68 286
967 628
549 61
129 11
114 136
823 570
715 124
968 881
29 110
187 463
223 726
621 319
440 138
24 821
406 389
634 981
877 255
920 503
150 957
101 478
458 635
271 18
920 665
44 954
86 967
510 327
183 309
994 161
430 909
87 935
502 15
769 620
216 552
275 660
883 760
996 237
928 250
844 714
122 303
606 592
61 938
352 388
40 420
420 947
497 61
29 893
450 355
924 913
390 526
291 711
647 244
521 638
207 691
462 61
14 834
864 298
200 249
603 979
65 211
353 690
648 10
288 839
874 408
530 705
660 1
714 52
372 696
890 501
185 34
831 128
450 75
563 281
177 832
46 226
130 15
466 680
497 118
630 809
352 726
746 887
252 585
166 72
57 355
777 807
736 510
254 337
332 312
543 755
56 880
217 715
350 570
977 406
812 299
720 934
718 199
695 991
900 597
94 411
636 558
636 994
654 44
598 298
950 564
291 957
26 282
62 454
803 197
581 343
455 619
128 46
69 926
945 763
396 127
774 749
183 66
879 343
228 54
949 311
287 167
973 393
399 434
905 614
841 409
501 71
218 413
250 196
985 633
728 201
664 729
852 623
946 86
418 971
959 997
441 25
772 167
463 798
385 930
203 560
472 465
154 254
50 394
667 580
447 170
397 568
856 235
948 794
710 487
75 911
925 176
756 761
997 39
852 329
129 633
614 660
331 373
921 959
185 271
419 378
973 574
621 884
965 205
807 632
994 701
353 801
291 294
803 989
886 215
955 475
525 623
855 388
730 820
542 829
657 374
710 4
451 189
818 381
454 502
500 53
587 823
64 658
462 268
76 471
826 931
298 186
295 525
871 208
294 558
616 597
713 780
540 260
186 364
327 437
413 495
172 475
902 394
332 263
378 794
180 561
252 893
95 734
839 718
800 737
673 719
715 450
622 437
758 909
648 209
815 478
728 395
852 323
674 384
448 633
461 164
42 166
184 251
717 791
350 916
232 707
841 580
617 745
378 804
48 150
436 921
431 362
774 220
800 560
484 857
98 96
699 842
287 867
236 402
145 227
708 639
285 198
476 265
146 567
793 486
331 509
938 177
185 723
124 879
916 759
619 838
444 462
376 288
302 700
564 98
912 137
637 50
967 667
920 893
130 636
491 373
101 636
206 92
79 795
781 901
693 205
761 864
581 793
950 540
465 100
284 376
40 588
630 683
343 255
221 658
966 65
294 790
184 516
535 243
467 209
425 280
224 535
7 728
842 269
575 50
57 499
839 804
452 583
147 540
9 882
763 365
305 459
501 142
423 585
250 258
156 260
189 951
758 415
724 913
480 652
761 271
345 88
833 544
384 762
584 74
354 628
968 889
349 870
560 572
786 265
199 479
746 149
439 404
308 746
737 223
208 851
688 501
345 243
808 726
282 307
508 549
141 895
589 96
257 93
645 110
406 396
453 182
710 695
90 913
809 914
344 100
98 75
658 478
758 102
490 648
683 586
661 272
866 864
81 687
167 812
609 844
40 92
717 867
705 22
930 908
328 567
667 133
351 99
194 230
580 811
987 283
