7986 8617 731 9396 7833 2940 6191 8840 8837 8712 5129 6402
7986 5989 6924 11048 10766 4354 884 5662 1475 9524 6875 367
8935 11187 784 10034 2132 3535 2732 437 9220 5740 9318 7293
4256 7825 9950 2357 5647 306 5469 5590 9220 46 2456 6769
9944 5472 3299 10079 5647 8848 6122 5590 3382 2310 10163 7539
9944 502 3299 10569 7647 8848 1341 10350 2257 2310 11101 3096
9331 502 8484 7630 8889 4897 10807 2613 8631 5496 3963 10036
3723 1020 1099 1403 9054 4897 10807 8238 8631 6529 4896 8177
6502 3118 1281 1403 5382 8559 2625 877 1753 3882 5617 7330
786 9230 2189 6349 10441 8246 5936 877 2168 3882 6321 9029
7065 10665 2189 8008 10441 8246 7483 4247 2346 4329 2496 5983
7034 2289 9475 8008 10441 10607 121 216 10963 5692 10084 4721
10747 2289 9753 8596 5772 1635 10551 1386 3786 5007 10890 2772
10747 5782 53 8596 10636 4538 1224 4100 9094 5009 7543 3479
3375 5782 666 8596 4309 7189 5871 10196 9094 6720 9742 7992
3375 11125 666 4968 10912 8504 10387 4416 10849 4154 2446 792
4036 3654 3755 9423 9978 7934 9073 465 4671 3092 9403 5041
5541 3654 3755 684 9978 10933 9073 6457 2782 4505 8401 3776
3222 10698 4298 397 3380 4724 6764 6457 118 3107 10915 5313
6012 10698 7620 8321 2626 5082 8345 9811 2250 4410 6392 9115
4024 9408 7620 3999 7127 1637 7662 8049 5879 1648 6799 3397
10857 9408 6437 4960 7127 1637 3957 11240 4569 2961 6799 2367
9983 7118 4698 8468 11037 2181 1687 8193 4768 4955 4587 2285
8474 2437 5408 10150 11222 2181 8899 8193 8122 319 5479 5050
6217 5515 2060 10150 11222 1460 8899 9685 7869 10506 5488 4549
6217 8430 1795 7196 606 5542 10460 6671 5897 10278 959 1452
9459 5858 9796 7208 1706 7628 6183 6406 4385 10278 11113 3637
7015 8330 10975 5359 8999 2407 6929 9893 10937 3633 1202 8574
10729 2204 8089 5359 6705 8794 9774 9893 8650 3633 2561 6715
7329 11324 962 702 10471 8794 6025 3897 7091 1856 2169 2841
7329 6002 962 9178 10362 7468 3174 40 1073 781 8931 8223
10530 6002 2211 6631 1294 9744 3806 40 3912 7602 8931 8036
10530 7937 9539 6576 1294 1659 10452 8207 10268 4031 10303 9162
10319 7937 11312 9040 1742 3914 255 7896 7359 3974 10303 5065
2021 1865 1366 7174 5937 7890 3500 10865 2136 10519 4522 11138
51 2450 7523 10420 5557 7890 7156 1171 3684 3972 8725 10957
3244 5933 10451 7973 4782 8713 11297 941 2297 4075 10703 9887
1842 10840 5400 1956 1397 7730 4506 1414 2297 6077 7828 8808
1674 10840 6430 1956 759 7730 9754 1414 8955 6077 6240 11280
7603 2398 7002 2395 5817 6412 9754 2149 8955 2307 5623 6146
7603 1102 2179 4232 3447 10136 578 2149 4870 3006 10112 5626
966 8621 2179 2 10339 4636 578 4581 7100 8897 2308 2975
966 2459 2179 2 9945 5500 6232 2025 7100 8897 10609 6476
7633 2858 6086 2276 1192 3054 2261 1459 6360 2776 6568 3307
2037 9567 11123 7393 9262 3363 2882 10730 7678 1416 2980 2403
4478 2586 1401 1846 1514 9980 2882 10069 1319 550 7225 4679
6177 8850 1401 5650 1514 11103 7675 7516 313 8218 7225 8454
6177 8850 9913 6000 9617 11103 7675 1177 6421 2876 9644 4560
9217 3496 9913 6000 1437 8627 5470 11001 3360 8602 321 333
8625 3496 8534 6528 1437 1004 7251 9666 10030 2414 9661 4722
9457 9409 7018 7340 11258 3628 3440 8277 10498 2847 8376 7750
1561 9409 5527 8214 9956 2742 8715 8277 7209 10877 7723 9276
1561 4503 5527 8226 10185 4702 2423 3930 7209 7402 10328 8765
1353 4503 967 195 6620 6419 1336 2001 737 7402 5499 653
417 1542 911 9181 1075 6419 8733 4959 3190 9729 746 8093
11104 10545 911 813 2745 5109 8733 7478 2118 7529 3627 7505
1783 6281 8638 3430 7636 4199 9773 10407 6725 6957 6104 3021
5316 2500 8638 3953 7544 6468 4293 2608 824 918 10006 6990
5967 400 183 706 3792 5363 479 1100 2139 9701 6842 10571
522 6788 3505 2726 1409 11270 2014 9393 7996 1662 7754 3909
6932 3600 3505 2726 699 11270 1820 6382 4912 5919 384 8431
9456 3060 3138 5585 806 143 4125 244 1208 10175 6813 7014
3698 5263 175 5585 806 5711 536 6422 4743 10175 1061 1256
11249 10568 1879 5225 7454 8174 5119 1670 986 10335 7731 3851
739 2468 7311 5708 7454 8174 9497 5535 9734 7194 430 6822
7449 8147 3304 9622 10390 10041 1118 8390 1065 1924 3719 3059
4991 4541 6072 9622 10646 10852 3011 2063 7819 4250 9034 7585
2549 4541 6072 10375 3284 2415 2384 2063 4004 3855 1279 4552
4106 1710 2525 6045 6543 4944 4347 8539 10038 1523 1279 3788
5738 3529 2525 6045 11140 4391 8048 8539 8854 8916 9651 6603
8942 3529 5327 9153 2003 4862 2590 2319 7405 8349 9066 10764
4013 3616 4682 9153 8995 5860 2590 10751 2002 2546 392 10591
4013 10980 7957 6238 7751 5950 4499 10751 6881 5651 10329 3471
7733 10980 6380 8385 5158 460 10317 8373 5430 4766 2209 3129
7733 2901 6380 9800 11206 654 4088 6049 527 2237 8711 2902
2309 10677 4165 9800 1123 4346 5385 2661 10026 7150 4639 9551
4758 10946 590 632 6362 2640 5385 2661 2341 808 4639 5230
5423 10946 10977 5924 6362 2640 6639 1752 2341 5183 6417 10954
6915 9219 708 10934 1877 393 2349 8913 1076 10302 2340 3468
6915 563 10135 2379 11177 525 142 8913 5752 2050 2634 8437
6915 3630 10135 6131 2487 7914 9072 5533 10748 3911 722 6013
9839 10780 7701 2264 3702 11126 9141 8683 3173 4810 722 7125
9839 10780 7701 9548 10326 5278 871 8683 4304 11080 5422 5800
5268 4258 9428 10670 8766 5278 4861 2197 9803 10664 8576 3339
294 4258 9428 10670 9958 6364 688 10344 1338 9550 5545 770
4510 3494 4047 10670 10145 10453 10931 3364 4958 346 2948 8470
4510 5145 5093 7586 10223 8420 10931 491 2700 218 11105 6606
5486 3837 5417 3481 10223 4598 1169 2170 6057 2914 5519 8606
5486 10286 9298 5667 3896 4073 6510 3297 10965 8624 8230 10531
5486 11011 9298 1764 3896 4073 7584 3297 10965 2165 9022 11132
2417 9163 6195 1764 4327 5990 7584 2352 214 3499 3130 2526
7915 6262 5577 4206 5821 5990 8328 8370 2374 2770 2703 7849
4432 7917 637 4206 1837 3418 9694 10485 3569 1272 3472 5336
5075 7917 637 6846 1858 4038 11102 1456 9759 3547 5988 6674
5075 10550 9432 8137 3168 489 5194 9606 7583 3547 4667 7392
1269 4990 9986 3567 6735 912 9391 1690 1527 4957 6740 7089
3845 10479 7626 9591 10128 5023 8753 9365 3811 5191 3961 8742
3329 10479 9002 10989 10128 2813 8753 4180 5523 10210 5630 8742
6972 10479 5567 1995 5876 6070 8753 8706 804 8799 5367 10338
6972 7790 5137 4405 10529 9093 3377 7413 6726 9579 9026 6623
6972 10450 368 6731 1786 2624 1509 5215 7406 11279 1211 6171
6466 5291 9698 6731 11122 2624 1943 7698 1109 190 3432 9350
3136 1062 9698 4609 3163 2920 5642 5963 2376 5114 7192 10788
1134 1062 9698 5375 6092 9712 250 1718 5976 2107 1347 670
1134 500 10854 10839 6558 9712 7978 345 4270 10173 10267 6210
4305 500 10521 6797 1800 6829 9225 5434 4637 2528 7979 6444
8402 8190 10521 6797 6186 9681 3568 2741 210 1602 7117 1700
9036 6231 5790 2542 2928 6287 7718 3097 1282 3384 4972 4898
8670 6231 2513 3658 186 7143 7337 826 6587 4299 5600 6497
2243 5365 7490 5657 186 7616 7337 2473 8109 10058 2227 2972
3032 5096 1638 5657 10380 7616 8648 935 8109 4431 11154 11027
3133 7401 3745 6649 10679 7987 5722 7574 8109 836 3667 352
3133 10868 3745 8776 900 4005 4113 1538 6433 9248 3667 9853
1186 6094 8410 3501 7755 4005 11042 8203 7906 7306 9144 6168
3832 2266 8410 3501 10310 5061 1465 4244 4164 10808 8531 4348
3832 7027 7110 6627 6426 8444 854 4244 1157 6151 3056 8132
7872 7027 2484 2957 11046 7414 7980 10753 1157 6268 8264 10473
1997 9017 1843 6672 11046 7796 1049 11118 1971 11077 8873 3544
7885 9017 1843 5792 292 7796 1049 9741 1392 9397 9491 7280
9745 1750 1236 4559 1498 7796 983 814 9140 4753 4951 6782
5036 4117 1236 4559 1498 5786 5578 814 3265 5254 9160 2491
7512 4117 540 1474 2089 8114 496 4453 7347 10004 1131 657
2773 2734 9993 11267 7321 2701 8139 2091 1274 7859 3927 9202
2773 1729 9993 5843 7321 566 8139 3986 1274 5676 3927 1142
4320 1721 4273 5685 9406 566 8139 8595 3434 254 3927 9570
819 4970 4273 5685 9847 3954 4221 5415 11271 2092 10638 3466
2639 748 7606 5685 1290 2947 10924 2563 4595 8309 5055 8571
2639 6414 7606 2391 5885 3064 1506 5917 11160 9627 273 7059
9158 5875 2481 2391 7432 8523 5180 7253 4262 4714 1150 4592
10183 5875 7124 8072 6689 11088 3008 11147 9345 9319 3058 3246
10183 1840 8678 8072 6689 9275 5498 3949 9345 6880 5216 3842
9634 1840 1018 1404 8781 9275 5751 3949 9345 4050 8936 9244
1571 5229 1018 10528 4771 2836 2737 7650 10333 7017 9836 7932
4596 8993 1676 10528 1470 3462 2737 3661 951 4289 5959 7763
1443 2185 1676 7690 6546 3462 2638 7230 1181 5294 4697 4661
5342 7030 6213 7690 10812 1327 7870 8152 1181 3183 2728 6605
10853 3013 1374 954 7327 4191 6987 8710 2128 3139 7657 9455
9227 1086 4525 8235 7419 9445 1435 8710 10368 9981 3385 9238
9227 866 4525 2302 1642 9445 1435 9862 8043 9874 7423 8000
8964 9909 7725 5884 4868 9195 9535 1476 7038 9648 6218 3985
198 11 8814 2248 1965 2028 6852 1473 685 9843 9205 1878
8168 1711 4198 2248 9747 2028 3619 9952 10873 7138 8289 10086
2788 3650 9840 1311 7129 7880 9974 3167 8398 9659 2945 5655
2788 2291 9840 4815 4938 10488 6066 1489 6971 3878 7577 4616
2433 10822 7037 4815 9814 10488 6066 2253 862 2888 113 10830
2433 480 10011 6854 8088 2489 887 2253 10318 6676 11231 458
10533 10778 2131 4856 6592 35 4483 3573 10723 3412 2036 439
1324 4051 6636 4856 10174 5223 10554 9138 10859 427 3522 2825
1324 3160 7207 4856 8434 2570 6482 9199 9825 6165 6301 2539
493 4926 6047 2761 8434 584 4673 8404 9963 9224 6301 2671
2148 6288 9251 2761 5705 586 11047 11204 3063 6384 817 9107
1052 2339 4062 10446 3203 2471 11047 10863 8910 10474 817 3623
4895 9451 4062 5639 3203 2471 2455 9568 8910 10092 4524 5997
6774 8597 10037 4517 8989 504 10263 7970 9108 4737 8082 5060
6774 1297 4292 10423 10919 8938 626 7970 5233 4248 81 7039
6774 8037 1736 9643 10919 2659 7727 10935 10193 4248 3863 7506
5006 8037 6836 8202 10919 2659 4474 1652 4390 8535 1097 886
7929 6798 2649 1078 4161 7530 5018 5429 5962 1799 3565 9362
8745 7502 3320 10397 6184 3688 4118 6334 2870 9828 7940 977
3260 5637 3343 10397 7346 7016 9042 2452 7169 5442 8922 9294
3425 3642 3343 8871 8714 1630 9337 612 5628 8035 8922 4792
293 3642 3330 2648 1243 416 10242 10363 2012 8035 8199 8852
4548 10956 5389 2648 10508 10226 10242 11178 3861 902 5412 11078
107 10956 2469 3208 10508 686 8737 11178 8490 902 1113 9884
3802 9647 5156 147 3656 4264 8737 3333 11237 902 6560 3232
3802 9647 4571 147 9103 7951 6100 11098 7416 5128 5762 4580
11061 2963 2807 3103 9437 7389 2567 8499 4576 8433 10307 2956
6357 7501 9148 5176 10761 3981 3424 4377 10042 4994 9265 6944
7961 2656 10634 7705 278 7779 6998 2895 7823 596 1182 7497
7961 1395 9461 10340 10717 1560 7190 5903 3404 5209 337 7964
2580 4441 9461 4711 11202 1560 749 5798 9620 3169 7492 7687
1159 6304 8991 11224 10187 5940 4151 8217 5210 7195 9632 714
2368 2160 131 621 6056 1920 6599 6851 5210 9065 189 10669
4668 2160 10718 552 6056 1920 1814 6533 6182 846 189 7708
1673 11186 7695 10385 9359 8500 5927 9615 9281 4769 11134 10567
10949 11186 10667 10385 8651 3047 4635 6718 2393 3657 5969 4806
9270 10936 3901 4685 8651 6067 4635 9003 4612 9696 6662 8603
8519 7768 7074 4685 8651 9630 9464 9003 4407 8186 10509 6488
8519 4140 10789 6039 7854 750 2171 3354 6303 4561 4267 5091
10233 3620 10789 6039 1346 1421 5315 3850 775 8455 2113 6181
3835 7352 6371 7467 7853 251 3983 4460 524 1621 8315 733
3835 6375 4234 5548 7534 251 3983 1722 7843 9765 5746 10845
6121 2805 4234 2673 5550 6868 2212 5200 9154 9927 4825 2047
10074 6864 7570 1861 2039 10262 880 7198 6780 2022 4825 8572
4961 5760 1697 7367 11115 10262 10219 7011 6015 5921 9440 2906
8902 10604 9274 10342 1611 1851 10219 8953 8249 9007 4672 8511
11159 4009 9274 10342 9612 2311 349 8953 8249 10337 7270 1296
3758 2845 1640 11190 2690 10620 2390 3692 1266 10395 2794 2830
9117 249 6409 3310 2556 2573 10709 7487 7515 9604 5883 9727
9117 2924 9602 7440 10057 2573 10709 9905 1792 9604 2442 726
1056 6567 7671 4720 1025 5587 4451 5802 8510 3596 6378 6234
873 6778 3700 1518 849 8211 4451 2405 8510 6032 3098 1849
1285 3088 106 409 4077 3589 10093 6011 10914 2682 10596 6058
5391 10516 106 1941 5495 1556 10887 8819 10914 1539 1152 4470
5424 2467 10065 11207 5539 6113 1535 1949 2572 3720 2292 1469
5424 2467 9146 10768 2635 73 8865 3669 8066 9547 3994 2769
4342 10456 9146 6373 2635 512 8865 4893 2075 3729 5292 8105
4717 3554 5142 8019 2328 512 290 10895 7735 3729 5284 6804
5067 4803 7396 4657 296 6756 10023 2668 1958 11034 7892 9851
5067 10400 7396 4657 296 8521 8879 2668 5586 3141 3255 28
4107 10400 701 5035 5144 8521 6179 7939 9654 380 9463 7553
4107 6963 701 8 2987 7238 1321 9706 1813 7271 6517 3718
1054 6963 1384 11075 9572 7398 9623 9706 4317 8856 5376 3682
1054 4190 2564 11075 8060 3715 2575 10225 9778 9738 5779 8691
903 4190 2802 5783 5438 7756 1771 3264 5564 2058 4855 2509
7528 7777 6853 8386 2032 7756 9590 3264 7077 2062 4855 6116
1194 7777 644 8386 11215 10675 7820 3328 7142 2062 7936 6609
1194 11205 1378 5489 5405 6399 7820 779 10796 2692 9920 10986
1194 7816 3515 1882 5405 3824 6337 10882 10288 7062 7073 6096
1417 8021 4728 1263 9888 3521 1903 3467 1317 7062 4442 689
1417 11319 1280 9208 6460 8096 1903 3467 1317 10517 7941 2244
8958 11319 8864 6279 6460 7913 10249 3467 3444 10848 3676 3871
8958 9904 5231 9589 7801 5540 2672 10911 4835 3091 6005 4693
207 5573 5464 5864 3116 8187 1581 8861 5283 4749 7787 8919
6873 7893 5464 4984 7291 10476 5150 5307 5283 48 4469 1699
4389 3257 10155 4984 8747 10476 9953 5307 4585 7171 4907 2981
4388 3257 4358 5373 9642 3486 8001 3061 9197 2196 8069 2559
717 3257 6156 5141 5497 9710 140 3061 6566 2675 9360 5189
2694 1994 1574 6859 10247 9710 140 1174 37 2230 2897 879
9368 1994 5833 6175 1780 7374 6118 1174 6498 9699 7283 8367
9368 8701 5627 2655 1780 11247 7643 8302 22 7250 1072 1471
7903 8701 6352 11139 5051 7326 7643 5758 1330 6809 5501 10373
2260 8563 6352 6946 9603 8244 3599 83 1703 11311 1303 2725
2260 5910 6352 5556 3926 10974 3599 3312 3939 944 9784 10585
7302 5910 5139 8121 3926 10974 9772 9544 9692 7243 885 6019
581 2229 6707 7119 10641 5275 2282 1302 423 10706 1853 4651
5458 7856 5101 3076 8340 10109 2282 6794 9938 7028 2931 5444
5458 11242 5101 3076 8340 10109 5653 4704 11261 3349 11330 1665
10062 1889 7795 10264 4655 10109 10711 4011 11261 10142 9979 7981
4494 11111 7216 10264 1132 4123 5089 4011 3389 7898 6857 905
9599 9048 8960 8038 5086 4123 9911 5874 9311 5522 3285 3763
5838 1682 10815 6708 5576 6779 10658 10096 9495 5522 6477 10784
3829 785 10623 840 7881 6779 6003 4751 3010 3371 4588 1375
1053 785 5335 1639 7881 10835 2566 7307 8580 10810 6973 3694
544 6051 5335 1639 3810 3273 6147 11168 6254 6442 4237 9165
10643 7764 9116 9842 10425 9380 6267 11168 5511 730 2943 7904
6052 5561 8110 9842 10425 8684 6267 3813 1383 11320 6474 5480
10593 7713 3493 11253 6202 1632 10300 5308 6014 9516 6656 955
10945 2937 970 11253 7261 9285 5506 5308 1441 4949 10126 7535
10202 2937 683 11253 7261 9285 8143 5308 9277 3691 10484 9876
7425 2937 7907 3590 1101 4351 2312 5308 2256 5420 11055 5207
810 5934 7298 3590 11172 6093 3234 7842 8233 3341 2116 6173
8357 5934 5161 6424 8639 6093 2880 3250 9649 1979 11302 10168
985 8481 6041 6424 5693 4472 2880 4400 9693 4562 8815 613
3428 2254 6041 6440 5693 932 7256 3315 390 4562 11164 1896
8679 4418 9596 8744 2457 2630 2683 6898 3889 623 11238 16
2103 5971 3495 603 8353 7460 184 8952 7618 5961 8956 8479
4554 10594 7455 5520 6338 5918 3519 8952 9653 5961 4829 5823
3352 10594 5869 4918 4297 4563 2588 10535 9536 9293 3677 3079
69 5744 5869 9998 4297 8232 5978 3166 919 6035 8985 3332
5360 5778 2138 6738 10828 7140 9584 3470 3460 6313 10941 4027
7645 5778 3202 4308 10828 3579 10787 1980 9407 4135 662 6153
5787 4500 8552 2356 1559 5565 4572 1162 10392 712 6099 8920
5787 10827 7884 2356 11334 4518 5755 8569 9085 1916 5097 116
2397 211 10574 2356 8155 4518 475 8443 5923 134 9210 2018
9014 211 7420 9236 3960 57 4504 8443 7532 8448 3872 8205
9014 6921 11015 9236 3960 1450 2707 3126 7532 6596 7212 3775
3862 1776 11015 3187 2494 1450 4255 2295 4888 973 7212 6366
3862 1776 2871 7173 4556 9883 10039 5310 10489 3588 10981 6938
5015 2787 7491 2490 9613 6432 7989 9557 4290 498 4311 8610
2530 2787 7491 2490 6948 1907 7668 5606 1356 172 5820 2166
9221 2787 4484 9173 5094 10179 8758 8154 4283 1153 4647 10416
5270 2474 3789 2418 3977 11255 4335 10657 7113 9549 1225 1358
10938 2474 3374 4055 1163 8091 9962 9543 2044 950 6512 1657
10938 3155 5964 1566 6390 7233 9962 2057 7349 3195 6439 2283
1926 1970 3783 10029 6390 3099 6109 10983 2929 9193 4052 1732
8542 1970 9179 10029 6390 9284 2511 9538 4402 6759 1121 8525
10806 3982 56 6637 4450 10087 8297 8006 10608 4440 4149 5452
10 82 56 1773 2658 3272 1495 999 7622 9526 488 8206
2483 4019 8480 5132 2658 923 6994 999 9245 3365 6429 2504
10364 5419 4757 7217 9764 10741 10381 2645 9387 848 11209 4620
9910 2765 1565 707 2861 10741 5074 1998 2706 565 2498 2458
4976 6806 6773 9315 7888 5321 6247 1998 6277 7527 2754 10253
5724 6806 6773 213 6893 2389 1334 6691 6919 8616 2754 9302
7965 6806 4733 213 1978 6196 10993 5673 8768 6129 7719 11268
6949 9625 3526 2971 1978 6196 9656 3854 7575 9942 5208 4962
2337 5331 4446 1698 10923 10159 4740 3854 300 7206 5928 3046
10907 5331 5558 6496 2621 4627 2127 2664 3294 39 6233 2962
6675 9889 6160 9523 3613 4627 6608 5607 3218 10352 219 3764
3578 8609 8418 3767 5916 161 1305 8876 1023 6007 401 4710
4269 8609 5406 3767 159 1085 1305 7612 7624 5172 1419 1689
4420 10254 5406 3767 159 2779 3019 6257 7772 2875 8566 4251
7218 10254 8188 1548 5353 6461 5341 5311 7772 404 418 3148
3932 11082 8188 6967 7202 4950 9157 3581 8649 9436 793 3504
5697 11082 901 1880 7 8494 7977 1491 3431 6250 8200 5083
7972 4965 9069 10573 7 4725 3248 1491 5901 4268 839 7700
10537 8586 6456 10468 2935 2314 3248 3253 8266 8556 3342 11307
10537 2073 6456 4941 10793 10659 8041 11141 7855 8556 1396 9413
5166 10332 4008 4941 10793 4653 1787 2814 7855 5059 1396 3900
8051 10964 5449 10378 9258 9667 4919 6487 5085 5890 7757 8453
8073 9398 25 534 1740 4170 3746 1233 7058 7537 3209 2345
8073 5399 9348 5559 1740 7182 10139 1233 7635 6246 3636 2781
8073 10819 10389 5559 10349 8149 4648 8895 7635 188 8426 5935
4666 556 10389 531 5302 482 9850 8824 5441 6503 10735 4583
451 6933 11275 4910 1237 9379 2362 1226 10040 124 5017 3557
2557 5785 9035 1247 130 10674 9501 8488 10040 8613 4207 1322
4272 1410 9035 9786 11156 379 282 8268 11241 8561 3335 8131
4802 1410 4590 8909 11156 379 10131 295 7351 1260 10904 7132
4802 554 6685 4936 85 10774 599 1164 4692 8804 10399 9610
4802 5350 517 4765 8310 9556 2460 10299 4692 8667 10237 10666
1988 5889 517 2290 1005 1592 8770 6491 7177 8667 11090 4705
4464 4816 10650 6411 1005 4501 8740 8721 1433 8695 803 8483
4193 4816 2810 1406 6589 5418 2226 5214 6489 7199 803 6332
8112 5721 7610 8589 6589 8979 1947 592 4127 8274 803 5436
10860 9095 4246 2378 7803 5079 10010 10483 6136 4108 6790 9614
10901 194 4246 831 2222 7354 10010 2304 7971 8090 6133 2868
3902 3122 4246 831 10198 2064 8440 7313 2421 2505 7563 5694
5665 9443 6518 5907 10198 7742 8874 9755 3730 6492 4136 3681
10590 7139 10572 2666 3883 7742 3094 10927 9682 2017 11106 1985
10590 4183 10921 5289 2251 10167 3117 5337 6193 5416 9810 5127
8543 11063 10921 5805 6108 10167 6582 8239 1887 469 1051 2030
5920 4486 10308 5805 6521 6018 6582 3876 7682 10222 10100 4350
5920 10436 3653 2069 8201 11040 1884 268 762 1115 992 2812
5622 42 4012 3625 6729 9449 4995 8674 8712 1432 6402 6539
