3322 627 7264 4523 5856 3804 1452 7167 5713 409 5964 5518 1788 3986 6961 1580 6362 4395 6850 2066 2409 6682 2351 3062 2488 339 4118 4458 1243 2484 5715 3734 4139 6421 2277 1746 7323 6899 1170 166
1903 2175 4472 4523 4985 1355 1452 7167 3984 3432 5158 6800 1788 4247 6961 1580 6246 4395 695 2066 1414 3148 2785 6676 4367 3002 500 4779 3385 7202 3119 2868 4707 589 348 2747 3229 3198 1031 4301
2727 7229 6444 4576 6176 1355 4604 3542 7189 3432 3289 3444 6738 6802 6961 1105 6246 1848 2260 5817 1414 5889 492 4141 6210 6560 2565 5047 1201 6699 1781 1796 4275 5347 2563 3799 3229 138 6712 4948
2727 7229 6553 1354 1574 7095 7163 4744 6118 4446 2146 3654 6738 4864 3983 6821 5208 1251 7222 5817 1233 5889 1785 4916 6210 6560 2234 373 6389 3884 5500 3680 4275 5414 5236 512 146 5315 3776 6402
698 2631 3716 722 5028 924 2720 2515 6118 4446 5259 3654 6834 5148 6244 7198 4616 2977 3415 1799 1233 5889 4260 6647 2966 4974 496 1475 3754 3884 4088 6591 1441 2531 1658 6982 311 832 5293 5308
698 2631 6679 722 3569 924 3221 49 5907 5825 5259 1539 1327 3591 6244 3674 3348 2977 3607 2038 2996 269 1921 2103 6888 585 5720 2450 3754 4869 4389 6591 2702 1549 6414 3267 2898 2483 5865 4427
2388 460 6679 432 3923 6705 2735 49 5792 5825 1862 2913 7050 5915 3920 3674 2228 2977 3607 2038 7003 1536 5404 3564 2459 2042 78 7216 6216 7296 4488 3076 5613 1716 5051 3867 5572 4661 3448 7119
7126 6504 2878 7221 3923 5043 4335 4539 2608 2140 3683 2913 1630 2791 3620 4288 2228 6411 3607 5867 5254 570 5404 7461 6124 1362 3793 7216 5004 1734 688 4328 5613 1647 5193 1755 457 3748 6018 4343
3376 7070 5833 4776 3923 2010 4335 3410 6835 2140 7096 1174 1630 6405 6877 1489 284 671 2840 1025 1676 6371 5404 5811 6695 4296 673 6139 3713 5616 6530 5778 4363 5620 3693 3398 702 90 672 3826
5179 5220 3491 247 4396 1787 5209 2546 6835 5858 7096 908 6381 3284 2017 2152 2945 824 2870 4573 503 262 6817 2648 157 2196 1876 6139 410 4762 5694 1045 6628 5620 4709 2542 6429 1135 31 4879
3963 783 5703 247 4396 6016 7045 2820 1754 6161 7387 7200 667 4311 2017 2906 6186 1590 267 4573 7432 3268 6817 2339 157 5415 5655 1654 6286 7255 5694 1045 259 1324 5501 2542 1937 1330 5721 7378
3963 4407 5703 3189 1173 6265 3519 5358 6976 2992 5887 3510 4272 3779 1004 4189 1891 4830 5955 827 5677 7486 4612 4633 3544 6649 42 5038 1147 47 549 4816 3888 2061 1768 3729 1937 1401 1677 2789
6301 4407 1569 3189 1173 38 6360 1501 1885 2992 5887 3510 4272 6404 6157 4319 3549 3723 1898 5225 6343 1614 2657 4633 6390 6649 42 75 7329 523 6225 3059 4460 2113 3277 2210 1765 711 2119 2315
6301 7415 1569 6452 2386 6875 6360 1501 765 5736 3360 5421 6158 6404 1589 4840 2691 235 1515 5225 1912 147 2657 7194 6390 4586 2235 4161 7329 6090 882 4265 89 6916 1551 1248 1900 5360 88 105
2610 4372 4668 6452 2707 6298 3122 6173 4380 4629 6153 5421 6052 1697 7012 3533 7355 3504 2264 4341 1586 4397 2410 2005 5990 3000 3636 2533 2108 2248 882 2851 484 2709 1551 1113 2129 6538 1649 4706
763 6032 934 6748 6043 4829 3682 6173 4380 4823 6153 5754 6052 58 2903 1415 5970 6952 6950 3071 6384 856 3192 3496 2453 713 1524 1219 4149 4486 1620 6270 4831 5456 4268 1595 2129 2788 6874 1660
763 6032 5871 6748 3328 7108 2783 5318 1478 4823 5176 6136 6263 2053 2903 5180 6486 6833 1954 6207 6296 4083 5523 3496 5624 6475 116 1219 5951 2298 3292 5732 502 3333 799 3538 5916 375 4756 3571
6844 5891 2567 5033 7075 7108 4907 7472 1387 4823 4203 1385 1919 5396 2903 6329 7223 6597 4046 848 1381 204 1309 6579 2166 6475 7168 1219 7347 4741 4085 5471 315 5965 5319 822 5124 5234 4245 2905
6492 1732 4911 3440 5632 4201 280 245 1526 4823 2713 5161 6477 3940 5354 6329 7021 5930 3476 848 2694 4827 5607 2724 6306 2297 2015 6935 6827 5165 8 5471 315 5785 1840 3295 2435 2055 1169 7275
179 1969 5238 3440 4040 5068 2204 6820 1526 5999 328 2078 2403 7393 5023 4676 2352 7129 5093 3646 745 4827 4456 4470 1215 2495 4529 7192 3714 3195 3939 1132 4252 4511 2559 579 3210 5213 6488 3242
1283 462 2995 2660 4040 6066 3830 5952 3761 6629 328 2124 1368 5286 5023 2216 4700 3547 3255 7072 3579 4065 4123 1230 3514 1318 4529 2947 3975 3007 3762 991 4252 4042 2799 687 5654 4115 608 1119
3344 3260 2995 2660 4678 518 3090 1446 1994 7294 2337 5096 3040 4594 6353 3878 4700 5568 4923 2877 1735 6374 3851 6342 3509 5260 5879 7201 2440 3051 3485 6251 4061 2692 716 656 4754 6331 2541 1940
114 3260 237 2366 4678 2558 3090 7493 1994 6983 6777 5096 4259 1723 2432 3878 5583 5568 869 2877 1735 4856 1813 6342 2959 3741 530 1834 3361 2378 5509 6055 5030 4419 5149 5927 3353 12 3083 4410
351 3260 2587 213 547 4500 7228 3043 1764 1017 2834 368 4259 4240 7026 3878 371 874 5542 2290 1712 1715 1490 4166 6730 3599 1022 1320 1621 4685 5045 1744 1406 4567 3628 5393 2341 2301 3164 374
351 2715 4186 213 4964 4500 1433 566 5398 7457 2834 5846 5759 6796 4885 2441 371 3856 4038 1786 4625 3161 1490 4166 6220 5334 2807 5166 6119 4514 7321 4428 1782 2685 6130 5393 4153 717 6051 6000
351 2023 4471 2578 7301 7053 4081 3139 5398 6316 3843 5846 136 7495 4885 2164 1977 3856 6837 4746 4625 394 3393 6064 6463 1655 6218 5673 1818 3211 2501 5605 4125 5153 3956 2961 5551 3017 6219 6312
351 2023 4471 5893 6948 487 4081 3139 4698 2845 4786 3580 1369 7495 6532 2164 6107 2039 6837 4788 4940 7166 646 3684 2651 3974 3068 7284 1256 5497 6626 4505 317 3429 1125 855 497 5442 7029 2370
351 5528 3107 5917 2421 487 5341 3139 4698 2845 4786 3580 1369 5120 902 6582 6816 3678 677 7288 3566 5177 4134 3684 4768 6042 4653 823 3648 1044 5850 4505 4874 5526 4905 1882 5514 4191 6516 1713
6363 5528 4037 5917 2421 487 5341 1962 4698 629 4786 2743 1369 4749 1231 3625 6816 3996 2730 7288 4608 5864 5634 2178 2201 7419 7193 4172 5150 5455 5850 5129 5427 7252 6922 1357 657 6843 1039 5882
73 3988 4037 6663 2421 2331 4813 3934 1513 643 3698 2743 1369 1410 3545 4317 6966 140 5201 4241 4093 5864 4582 2178 43 3266 5975 6237 7445 5803 7063 7183 3183 2801 7249 2361 3326 6199 6278 1792
127 6138 4037 2575 4791 2628 2653 7169 5339 643 2837 3803 4401 6928 2338 4317 69 2506 617 3365 4093 4590 3890 6726 6143 1332 4157 5122 565 5478 6365 2029 218 2537 2396 4798 3842 2569 5095 389
7371 87 268 2071 7040 1346 2653 1341 6284 6116 4012 4293 4867 3606 4132 4003 926 1392 7085 4839 7435 3391 2237 3573 2639 7091 4802 6255 4243 5478 5731 2911 7268 6340 4090 553 1116 2493 6323 5215
2457 1421 4903 6949 7040 1346 5802 5484 2056 6116 3706 102 4867 7211 4559 4003 926 3396 7085 5645 944 4771 3686 6535 6206 806 1559 654 1143 5745 2884 6229 6523 5464 6106 3632 4536 1217 892 3278
5024 3681 4356 7158 3320 777 7344 5484 3644 3092 5727 1666 2513 5175 3341 1202 1023 3396 1756 2616 960 3517 7174 5072 30 806 7240 5818 3786 7372 6213 5251 988 5371 2041 86 6468 6482 4665 3866
2697 3681 4356 5189 7281 6880 674 4217 5619 3092 6017 6294 1545 3257 2401 1202 3303 4068 582 525 6953 2354 2093 5100 6167 293 6923 915 470 7372 7131 7246 6946 3893 2861 5503 5878 3355 5272 2412
2697 1342 625 7125 4295 6880 1455 4605 5619 6688 2808 6294 1545 2319 4579 2126 1277 5639 5675 6204 2232 3330 2935 7181 5525 1971 6048 915 4515 4743 3203 7484 3390 2136 1947 4350 4025 1872 307 2661
207 5504 814 3861 3291 739 4695 4234 4969 5506 5140 5760 1545 4958 7127 4635 494 3596 6839 456 1894 6195 5505 6556 281 3749 425 1540 5440 4743 6154 7484 516 4810 3212 1975 6701 2369 4277 5333
6129 404 6191 522 4020 739 3534 4234 5923 3434 2508 4967 301 4958 5416 605 5548 1361 4479 6319 3380 6869 5505 4381 3013 7107 6945 6568 4822 7462 7038 4611 3931 1927 3212 1975 4595 6180 2122 3952
5815 2679 6846 937 1078 670 150 5808 6925 1322 6716 2001 4619 3602 6487 5913 5548 649 4479 6319 6313 4622 4991 7325 6245 1623 4575 5413 3871 7462 2963 4547 471 1101 4091 4602 995 6606 5909 5061
591 2679 6846 1058 3445 94 6416 6239 3592 4510 5689 5155 1531 4900 6428 2407 4715 7156 175 2836 6313 938 3695 5388 5168 6264 1398 2077 3283 2357 6383 714 471 3156 1789 4602 5667 5705 1943 2367
591 6813 2485 1058 3855 2448 6496 3316 316 3097 2294 5490 7338 3901 6428 2407 3104 5081 3747 5144 1103 5106 3695 2047 5168 5432 515 562 148 631 6221 3548 4777 3156 2952 1127 3689 288 3340 3738
2516 6871 2485 6058 4933 5240 7447 2998 353 4674 2294 6115 4408 3901 6197 5949 2576 5147 171 3495 7105 5106 6226 2768 299 5432 569 2079 3810 1313 5070 3548 1859 3156 5870 3478 1241 4066 2927 3738
241 5534 2485 2417 6829 6505 7447 2998 7018 4674 4920 332 3522 2833 3527 5411 7245 5444 1036 2605 6376 1839 5479 1644 3 1085 6393 4158 6287 2974 431 1431 1859 4290 6349 6337 7273 5496 7016 6159
5245 5534 5006 6741 2984 6046 2148 4147 3585 6631 4920 4845 6321 3812 3529 7055 1471 5444 5252 6014 2360 3100 5479 7123 1319 6060 3070 5862 2624 3966 7374 5641 1527 2098 2848 1853 5894 4445 382 1222
215 5256 653 6637 2984 6046 4434 4147 5752 4572 4920 6346 1035 3812 4565 4541 1471 5130 5101 4219 2956 3100 1562 1659 217 1626 6410 164 2624 2176 3846 3635 3081 3208 233 3894 3351 2215 861 6734
5734 2479 653 1131 2984 4785 4434 5000 5752 592 4670 7161 1035 3812 7299 1846 2626 4067 82 6771 4013 4228 5947 1659 3553 6510 2433 4877 3751 5928 3565 5769 1422 3226 4677 3364 7395 6169 2416 6722
5823 3265 2445 1237 4249 1778 7407 4871 1003 7455 6687 3905 5535 5750 7299 2902 1518 3463 82 1596 5346 4228 7150 5250 1619 6510 867 32 4094 2607 3565 3546 6751 3839 322 2442 2633 3060 3662 1685
2323 1221 634 6211 967 5138 7407 973 4975 4796 6338 2087 5729 7093 1345 2217 3342 6171 104 3775 2286 3758 3816 1695 5883 3405 2704 32 6081 1819 6519 6684 26 580 7035 2687 1498 177 4540 3048
2323 7287 5757 3449 1821 2620 846 5711 5270 6484 5460 3462 4738 2461 473 1979 3342 291 4799 3775 3417 4116 3816 3123 4904 3405 941 3311 3077 1006 5172 1347 5351 2896 6934 5776 1055 707 2132 6021
276 5443 4747 6545 2540 2723 7456 3113 6747 6677 400 4946 810 3665 3177 6998 4722 349 3158 3523 2960 1714 6006 71 3885 3405 941 3317 5174 5085 6339 6640 3823 4836 1615 6984 345 197 2033 6587
5327 5343 6683 6545 5110 4863 2167 3113 252 1528 3598 1683 6744 2014 34 6998 5625 349 402 5381 815 355 6623 2137 5283 5273 6958 6172 2004 6562 6339 1875 1663 2981 6938 319 4992 6897 3074 6379
2887 3673 6683 6545 4124 239 3433 1208 6231 1825 3598 1910 6744 574 1766 7087 2073 4474 5937 6838 788 355 3679 3743 203 3744 1700 6987 4826 1770 5046 5073 5838 1145 6938 363 4010 3061 4614 3324
5386 6189 6683 6840 2734 3653 3870 6752 6231 1728 3897 4773 1973 5445 1766 5766 4896 567 5198 6838 6013 5724 3370 6317 4050 1438 6039 4312 3354 4800 5046 5073 5510 6681 7084 676 6491 3204 2292 6511
2329 3967 787 2590 2734 3911 5224 6990 6231 1728 5167 4978 2831 2130 7049 2336 4896 4872 2131 2769 2100 5724 1811 66 4221 62 2419 2025 3354 4936 1854 6692 5086 5389 7084 3772 6442 4193 1504 5022
2329 3967 1087 6593 1301 509 1916 4423 5794 5118 7431 4978 1338 4726 4030 2336 6550 4872 878 2769 4235 5829 3329 21 1546 1742 872 2025 1183 2875 4086 4512 232 1591 3971 6009 1436 495 2621 1816
2329 3244 6627 5627 1301 638 7412 472 5794 5118 6045 860 6784 2882 6635 6567 2060 4872 878 5247 6053 6884 4264 4989 2127 2767 7078 2025 1280 2875 3968 4512 4026 3141 5985 2999 6022 495 3647 539
3494 4332 3249 3224 2467 3809 5268 6401 2091 4105 6045 860 2258 2882 3811 4495 853 4872 2115 5453 2534 76 4264 5950 7336 593 3774 725 5467 6275 3416 5438 2076 415 2109 2999 5718 2024 5368 5188
7269 4332 3117 3421 2467 4981 4789 1956 5378 433 1287 4853 3834 4666 4302 3500 6200 7151 2115 5453 4610 7122 4581 7147 961 6082 1275 1429 3791 2043 4938 6525 3903 415 6407 346 6007 1129 7007 2195
4852 2751 3282 6780 3766 3922 6622 2829 2797 433 3133 2436 3834 3054 4300 3500 6555 552 2115 2161 1298 3979 4963 1883 2813 96 1275 3042 2690 1126 6859 7090 1860 2246 313 1009 2486 1950 6896 1440
1497 2751 234 6780 4011 6047 2652 6993 4180 870 5899 7149 220 1340 635 6144 4246 4994 5017 2880 3057 4402 4963 4169 6911 3672 1412 5233 2690 5695 2614 3336 4074 2246 7061 6693 726 279 932 1976
1497 352 251 5365 1090 4208 7277 3246 1552 3347 4689 2931 220 5676 430 3120 2026 7292 5017 5210 7343 4658 29 7481 5812 2092 255 6079 5491 5695 2525 3336 2894 6277 3670 6367 1071 7399 4062 6548
627 352 4523 5365 2156 1452 4043 1599 1425 852 5518 2931 768 6723 1580 3541 4687 1496 1981 418 6682 2351 5649 2374 4959 1717 4458 4501 6661 3611 2525 2064 1639 6668 5779 971 297 7399 1933 173
