665 3358 1178 1806 2583 1731 3229 1852 244 1025 1930 3382 881 2761 2492 1904 2490 3108 707 87 1651 3446 1604 3404 3255 3026 2296 1163 164
2635 3358 1178 1941 293 2388 859 1536 693 1561 2755 3325 647 2761 1131 2029 976 115 3602 3063 1651 2380 2747 3404 1696 1711 69 2629 102
2635 3358 2577 1735 293 3284 859 2722 693 1350 1167 3364 647 1783 3253 2029 918 2780 1658 3063 1619 457 2888 78 1696 2413 3391 1416 2322
1289 2667 1432 1342 3598 1956 882 2275 1538 182 837 3364 1640 2166 227 1939 2189 2647 1658 866 586 2243 942 189 2365 814 2502 3061 2336
1132 3561 418 3366 687 905 882 2275 1538 1922 1858 1445 1640 2439 3503 2459 1034 1108 748 147 2636 3498 2274 2741 3464 503 1624 177 522
1132 3561 2460 2009 687 905 2015 509 699 2161 1858 1445 1640 664 1758 2456 1964 2503 3348 3512 3134 2158 1364 1381 1300 1427 2843 2732 1320
1132 3135 35 3515 687 1911 2749 2416 1383 2469 1175 1358 343 1423 1274 3127 1189 1467 2343 1222 3134 2812 1728 3329 2415 1724 571 2944 2736
2981 1367 138 2408 687 3651 2749 624 3242 2469 1036 1591 343 920 1274 2527 1761 2817 791 300 1962 625 3232 694 71 1908 1262 3237 856
2981 823 138 297 2046 3651 609 1002 3264 1600 2772 1591 2122 171 1274 3062 3489 2836 1670 2273 1962 620 3241 1031 417 2068 511 3142 1474
2981 1937 875 1400 1666 3065 609 2333 2017 2601 2130 3497 2250 224 3001 3062 2279 3638 1786 2219 805 543 1396 140 323 1122 1523 3041 217
2095 1937 1975 48 993 2901 3077 3465 2968 1850 2130 1042 3136 2257 3040 2484 2579 2883 1777 951 1287 2262 778 2646 238 292 2157 2958 1718
1197 2226 607 431 3170 1146 3077 2171 2395 3513 88 505 256 2287 1779 2484 1626 1186 553 2208 629 2887 2867 94 1629 2422 830 2835 2276
1197 33 607 2850 211 2025 3523 109 798 3513 88 2230 2077 1366 1779 1824 3154 520 454 919 26 2112 2307 419 1164 2652 760 3244 3428
1142 2206 1038 2850 1139 303 3523 239 3214 463 1899 2871 1521 3621 3162 2110 2127 19 337 2781 406 1026 2393 777 2263 3304 3458 3533 3507
1142 1771 3542 2229 969 3559 775 239 299 463 1899 2871 2690 249 3046 3367 3565 3644 2368 357 1667 1403 3173 773 3601 2198 1784 1105 898
1588 1771 74 2229 969 2173 775 239 299 537 3155 3581 3547 2175 3046 460 650 3644 2786 1494 1732 2497 1490 3315 2500 1519 1219 1105 843
219 2976 74 3189 2669 1159 1466 726 3080 1681 2828 1074 2014 2175 2454 603 206 1616 379 2541 1972 2497 1408 3578 2696 3169 3592 2916 2356
2740 3303 3648 1901 2440 3233 339 2165 3658 1723 101 2461 2014 3132 1362 2290 1599 1616 3006 2902 3357 2497 1949 880 113 1384 1678 2264 1828
3318 1152 1374 1901 1215 3316 218 681 2057 2410 1258 2084 360 1870 2977 2700 3596 917 1213 1115 3357 3175 1949 2298 1328 2315 988 2051 1412
1719 886 1916 1390 3383 3316 3128 681 296 832 1258 2419 1240 1613 2977 912 1944 1638 2584 1606 606 2938 935 1793 1096 1282 2664 3576 2064
1719 2558 796 286 3383 1770 1590 1825 1980 28 589 2714 274 581 1221 2653 1227 1402 477 746 1639 1706 935 2949 3461 2509 1305 653 1063
888 197 796 2994 3383 518 1590 3210 67 2945 2160 2885 274 1168 2267 1275 961 1587 1194 3553 633 1174 3424 2949 2186 405 1672 3265 1045
2797 3230 3317 1741 1492 518 2495 1417 3045 2945 3545 2087 274 2568 2203 1787 639 482 985 424 958 1174 1204 1177 688 2905 3081 818 3335
2974 330 458 1741 479 2132 1315 1417 3045 1441 2223 698 2304 2779 1800 1787 639 3226 1868 424 3522 1475 1204 2245 2211 3159 504 1983 2705
1967 330 458 686 479 2390 2846 2104 142 1441 1661 1892 1070 2779 1800 2599 639 11 3398 909 3522 499 368 3393 2345 1267 2228 3064 3500
266 1057 2056 686 2176 2842 2846 484 1500 3422 2924 1960 1070 3038 3010 2920 639 1379 1207 3168 827 2538 578 3393 1479 83 391 2897 1501
266 3150 2056 276 2176 2754 364 484 2927 3422 2663 1960 2457 2952 342 1902 829 711 275 446 1791 534 527 62 3415 205 1636 1224 2483
781 2719 1798 2876 3564 821 2536 383 2927 3347 3551 2746 697 2952 1170 897 656 2292 275 30 2277 1448 2519 445 12 233 1609 1531 2631
3478 2719 3612 3250 2833 2074 2595 383 2908 129 2016 253 1205 112 1053 3493 1945 2292 2153 738 2277 1203 2519 445 1145 2606 193 995 3583
1726 2719 654 3585 2224 2074 2595 940 3206 252 2148 1830 1205 580 955 79 1945 2292 2467 354 2546 350 1393 3072 235 3002 2363 1808 2903
731 3004 929 3208 2224 3276 215 1140 1409 3307 860 3521 2098 622 955 79 2565 3035 1774 846 1317 3158 3140 2181 1507 2360 2514 3349 1968
1271 2692 577 2067 2224 1112 3528 672 1251 659 2477 2986 2472 622 2633 2588 100 3035 3184 1243 1001 1552 1356 982 444 1368 3111 776 161
2597 2692 2575 2656 1187 1112 41 1932 289 1054 2232 452 964 1068 106 2554 245 588 2587 728 3481 1255 2048 2612 3000 3606 2147 1405 2512
2540 2816 2000 1896 3164 943 1842 1345 1458 1054 2232 452 1986 1068 1568 1707 678 550 3380 1007 2340 1255 2138 295 3595 1694 1372 538 3190
2540 3482 2000 3222 1957 2698 2346 1345 1879 2353 719 2344 369 3145 306 120 2205 870 937 2146 498 3130 3067 780 3595 689 1611 3571 3590
2895 2253 2000 1971 1075 2698 641 489 2159 187 719 700 1269 2822 306 3049 91 870 1874 984 3457 774 1373 130 2642 2233 2673 2210 758
531 2417 2637 1971 674 1739 641 2423 3403 1973 2911 1628 2384 2982 163 269 91 3270 862 817 208 2672 1373 178 2313 1841 1954 487 2372
1671 2417 626 1321 2544 1739 2471 494 642 408 2911 2933 3655 623 2236 269 2758 1943 340 1993 53 466 1353 2756 840 1895 1715 1581 3484
2001 3003 3586 2832 2544 99 2471 344 642 3663 2097 768 3655 623 2928 8 465 3110 850 1106 3323 1977 2012 2407 2983 1546 3105 2604 3202
2001 795 139 2354 2178 2002 2610 2169 3427 3192 2534 1030 469 1751 2947 1188 2061 3110 3033 3552 2357 1977 2085 468 2259 2725 3608 3372 512
3193 2856 858 3054 1802 2002 242 3388 3427 1134 2319 3314 3151 1751 2191 1801 2061 1182 1348 1050 105 1486 3363 1620 2804 720 2727 972 1440
1863 1178 858 2050 1472 2002 2662 244 1296 3089 2319 3413 246 566 754 2464 3108 2105 1348 2712 3384 1898 2145 1620 1343 426 17 1876 1181
