27156 1418 14990 26106 3600 26741 24044 15846 29325 12664 29490 11466 3111 16487 2437 12633 25266
5454 1418 14990 26106 25206 3686 8797 1788 10204 5363 29490 18247 27685 24949 514 10456 9128
10038 9372 19213 8375 13485 865 11987 20002 3432 27375 23545 27114 10457 12490 2135 9448 11299
15502 1998 28981 6552 13009 1724 12273 26133 4337 19190 12111 27986 4592 21086 29439 12747 11218
15502 1998 20897 6552 12102 11324 12273 26133 19585 8891 1474 5018 5272 12505 25429 26706 7812
9129 873 23067 5122 12102 5100 11436 3502 7519 13702 9572 5575 6498 2057 26922 20734 28417
5710 873 17608 21739 12102 5100 11436 27965 11774 13702 1480 13966 16881 13084 5040 15771 3147
6001 15107 9885 27870 19783 8647 13077 19268 11774 12457 6368 13966 8578 11990 8066 14518 6363
27543 11866 9885 16963 19783 8647 25777 19268 28815 12457 13764 21450 4182 27328 2860 2841 27134
27543 28405 24778 14398 5148 21226 25777 4491 15005 15339 15651 26075 3093 27328 2860 584 29171
9999 12545 17259 14398 5148 2488 2304 5924 13598 3383 20788 4444 21507 29199 2316 11350 23977
8245 12545 19200 25367 5148 5711 13359 18861 26995 1089 18554 28886 10608 29199 25136 28719 15269
4371 27987 11601 21541 2123 8157 19860 18861 20801 1089 23809 7360 10608 29199 18738 6209 20318
20950 25260 28184 18182 6517 8157 15953 26722 19604 27370 29023 16061 11929 14714 196 21744 15740
756 25260 17433 13030 13919 13422 15953 28016 19604 27370 10293 13297 25440 21894 20471 13532 10782
756 23338 26539 13030 13919 25033 26670 551 12072 1897 10932 2413 18359 8304 7290 17254 10820
18278 17731 2179 16716 12350 7312 11303 10560 16027 6200 9008 25666 19838 28200 6459 27627 12524
18278 18455 26710 24917 16253 18690 27183 21792 23673 6200 21329 16553 6131 28200 29159 2240 9369
14853 3680 26710 24917 1709 18672 1516 21792 15505 5320 8836 7139 6131 8934 29159 4877 3225
13364 5086 25990 20878 1709 18672 1516 12493 28846 318 24643 7139 13940 2444 6991 21597 18910
13364 5086 25208 23711 11712 17636 25838 12493 1153 15702 18627 27561 9601 18351 20595 17052 11180
18536 11341 8982 23711 17849 25362 15646 26621 20958 6474 1343 22061 8151 12210 28616 8585 8022
18536 9429 14929 24109 3010 18599 10651 2190 1729 27351 26047 13645 7274 24371 20544 26180 11389
3840 26853 25620 28026 3010 18599 3220 18240 1729 14514 206 16422 8064 24371 16910 17168 12256
11198 9347 15519 5714 16412 6915 5901 23108 20870 13224 8946 25021 13441 1979 23139 945 803
11198 24705 21002 23455 25424 19088 21932 319 12438 13224 11631 27994 17678 12667 19528 17792 803
1484 6656 21002 22922 25424 18961 21932 29397 24775 5328 25294 11614 375 13822 15184 18927 3023
27530 12781 24669 5280 23412 26992 26334 20972 26468 20159 2637 3186 22279 28695 10279 4898 2735
11284 12606 24669 22914 12577 9616 7955 18335 7367 17982 2949 25023 16495 7259 21841 20924 173
20991 28811 10679 8837 19351 9616 7579 18983 22368 21153 14968 17323 13721 20786 5596 11583 3080
20991 28959 10679 28814 25832 9616 2146 15071 16303 21153 13312 2574 16049 22515 6325 16414 10030
20991 28959 14786 20483 19882 9616 5716 14217 16088 18489 15472 10167 5062 14601 8738 2775 26058
2660 10624 14786 12676 19882 10580 2666 2638 3706 20018 25453 25638 20113 10125 17686 27824 3985
2660 14545 6614 20948 8101 10580 15404 12268 7433 682 22081 10405 1108 6289 27539 16558 20961
21157 24891 5194 22793 8101 20853 15404 18880 7433 17578 24673 21668 15220 5704 2151 18719 1655
6521 8969 14506 22793 19526 13261 19705 19700 20813 17578 13017 26640 589 10214 22813 28404 10510
7745 6353 14506 3464 25288 5079 13153 14466 24964 17048 675 27862 15642 27857 10864 27729 25916
7745 22996 1211 13557 25288 15859 12385 14466 5577 17048 11704 21199 4987 16506 12415 1574 7212
2807 22996 19139 25220 18484 14177 12991 23692 14387 9109 5047 6118 17967 16506 8204 10518 25736
9364 20605 19139 7970 25132 4916 2251 21988 14387 2842 27884 16617 18178 28835 26735 1306 16174
9364 788 23146 22644 25132 22333 3426 21495 20503 2842 24708 2789 2612 16196 27400 6797 1908
19609 1137 3246 17807 26156 4657 3426 21495 27264 8544 23423 12653 12151 12423 15450 14046 5670
19609 27678 7224 3294 24853 8088 11644 18336 404 21577 5154 29391 18681 18245 4537 21984 14836
20120 16344 12844 3294 23754 22753 1550 18336 13627 18870 5796 29391 1548 29232 22063 22036 26090
23649 9344 24196 25692 1756 1339 6631 1286 24716 18870 3994 27922 14504 29027 8526 5562 1537
22347 20721 24196 19905 1756 22494 13121 22681 24716 3313 8307 13680 14504 29001 22533 12100 7767
27031 20721 1723 14010 7805 2933 24466 24566 19861 3313 3468 17505 26221 4387 24133 368 29442
27956 21197 14020 14010 19220 29380 20251 14374 26292 18461 2514 12319 663 10294 3549 24345 8922
28634 21197 29270 22582 19220 97 3886 16764 16991 11772 2514 2631 20980 20247 21238 21680 18822
4110 8607 10187 22582 15441 18096 13689 9872 16991 4506 10586 8729 18324 25856 22275 7661 16045
610 21255 23151 3172 7783 20183 13689 13947 16991 12698 2941 20234 4694 26843 18792 1884 24564
14902 9641 16377 26243 23533 14357 12114 13947 17719 22871 1785 20234 24333 2523 26259 29221 20617
18691 25355 1259 26243 20670 13782 20911 27321 23633 27463 22853 20234 24707 13047 13558 10064 16472
18691 4812 6397 26243 20670 21376 20340 19551 15174 25077 3095 6148 24707 19248 24910 4770 17035
14351 28974 452 18513 10662 27841 8593 3190 15814 22794 22285 6148 19529 5107 19867 4770 25675
19377 8986 452 29155 27848 16453 27413 21340 15814 10618 9393 17794 11395 20710 18106 10595 5
19377 2963 11066 25846 27848 4311 14654 26085 18932 28181 27943 6378 2968 18956 4760 13227 22358
19377 2963 11066 25846 16135 23524 20547 25264 18932 28181 21021 28236 9684 13706 2215 3831 29154
4685 2963 23883 20169 20284 15149 4463 20051 4699 12128 14500 20326 15592 12079 21075 5344 29154
4685 27080 3755 18266 3528 15149 28452 20051 29174 19952 20527 28948 3123 17903 7283 7535 2828
24627 21958 3755 20228 7347 11809 3041 29178 29174 17337 24582 10106 4062 13833 10040 23685 9505
28985 21570 28705 20228 7347 4943 3041 20149 6973 17337 3567 11316 27611 14342 28579 27934 3916
8384 406 6424 21288 24828 22944 22489 11173 24946 15840 13233 6127 6133 19041 3578 20329 22493
8384 406 27110 21288 4793 18769 9290 13755 26246 17842 26368 19872 16106 16426 4108 28907 4883
9235 406 1289 2267 1672 26865 6630 13755 17321 22250 11425 28607 29498 27813 21403 8280 12878
9235 28392 26469 3902 1672 304 22295 23474 29041 24219 1074 21091 25844 23979 24960 13642 6045
24134 19772 26469 8954 11886 23885 19913 23525 29011 21320 3559 12357 6288 7071 13484 22269 21069
23608 19772 3513 25901 3496 18931 5111 23525 2048 26233 3559 26646 15774 21070 19893 22687 15517
23608 14636 22779 25901 3496 8865 7746 23525 23530 7473 21852 7052 19493 15228 25351 17576 5739
24484 21466 22779 9759 2659 29148 7746 3970 23530 22780 14490 7052 11630 15228 22094 18652 25633
15227 16897 27932 9759 2659 20074 15052 29149 19045 12604 8366 20023 28878 19763 12718 2960 12180
18500 16897 20110 23817 2028 1166 19339 25605 25699 23267 4055 22278 20045 13838 5843 1357 12412
18219 16897 7804 12409 2028 1166 19339 25605 15131 20024 11961 27514 20122 6155 24637 23803 5282
20591 25989 7804 21962 27139 10686 12399 15399 27095 290 11961 14862 10928 6155 11959 6875 24668
22845 20139 25244 3024 4366 20706 28851 17341 4236 9530 28570 6759 10928 24150 8700 28758 22887
12778 24174 19911 3024 4366 15730 23090 29094 5450 23485 11813 28520 24365 20666 22850 8820 14952
12778 382 12051 11535 6017 2452 17164 29094 1218 22007 10680 28520 21370 5004 8472 24325 7622
9245 2684 12051 11535 22814 2452 13449 8887 23819 16532 4833 8513 3947 17571 8850 3322 19748
9245 9691 7578 6855 19085 26916 26410 17772 8061 5908 14767 9880 5633 17571 21617 20232 357
7129 26971 5910 9934 19085 26916 18113 15325 14635 20283 4691 20178 13600 6851 520 11352 11510
21743 18014 5896 2814 11903 13271 8222 16345 4840 20433 8842 8563 21535 26478 8677 8127 12318
21743 11429 5078 2814 5619 29225 11897 11101 17605 20433 21186 8563 2491 9840 8555 3143 13935
24663 16223 4059 17984 28819 27192 16537 4714 8130 10466 3864 22098 7938 24797 10550 27094 25971
19143 16083 4059 26939 1171 757 22296 4714 8130 17761 3864 9075 14740 21889 11062 11440 25971
9698 1639 15720 26939 1171 757 13334 8567 26092 29422 2248 24410 14740 23301 28853 3586 19868
9698 5509 5011 26939 7261 22016 23783 20384 23872 18533 20402 14519 8111 21114 22276 18538 14478
11231 18809 16375 2376 8712 9007 2902 2058 24152 2065 23796 14519 29310 772 11135 13515 23366
10196 28503 23658 11524 8712 27950 2902 4222 24152 4393 25106 20055 1814 13201 5395 2873 2899
10251 28503 23658 17197 9926 8996 6481 1751 17115 23219 16747 183 11445 811 5395 11294 7601
25573 29213 5479 9022 1118 20080 25930 9882 24173 6936 14300 183 24765 21104 9565 25481 17067
25573 24465 5479 2847 6853 4267 19854 13509 17295 6936 23683 14245 26688 28185 6282 19448 13024
2159 7572 3971 13772 6853 10559 11986 2147 9263 3925 19505 1141 3445 20639 15068 15115 11275
2159 29462 6216 13772 6853 26021 11986 3356 29394 19149 21298 20602 14458 6523 6687 9752 21331
8322 25337 22421 28881 4434 27863 27186 3356 11321 17826 1432 7350 8998 11709 25495 19593 24445
16042 4432 9711 11265 11374 1688 17322 3356 17375 3579 7023 3399 6511 24661 5137 10875 7926
19469 17220 4845 3715 4207 6897 11558 3356 2167 7448 7023 14018 7098 25602 9277 8123 23020
1972 17220 2018 1434 14152 20446 14794 19662 24081 10453 17309 21920 12020 27329 12504 26360 20983
4187 2211 9627 18590 21865 20446 13225 19662 10997 15380 8382 10423 25141 13668 704 27649 8943
2243 1806 2794 8193 24955 9267 13225 27176 24275 12421 27940 20061 13438 24897 13437 18387 21434
22289 26118 15780 3758 27120 6343 11310 11636 22096 13057 13401 3631 6563 25639 753 5695 19396
9040 26118 2950 7737 15586 19534 8258 11636 9251 17626 27575 11909 11139 621 3442 13906 21252
27690 26118 13545 7737 29075 4271 1350 21312 1421 10853 27575 11909 26145 15683 1505 25071 3856
27690 28363 11757 12154 9017 6490 14410 21312 9501 11277 27575 22809 28005 16229 13939 22790 24971
11606 2234 27883 12746 9017 22025 6652 4076 27140 17116 19391 23550 8619 5177 23607 19540 6703
4068 2234 20797 1635 14906 5022 5145 1916 6139 19499 14469 20476 12171 6577 24947 26569 11781
15306 8044 21479 1635 11707 11247 13085 9083 6139 26605 14469 7502 25799 1553 4334 23843 4380
15306 28124 21516 14292 18929 23294 1874 4075 26073 15223 10891 24522 24309 12881 6100 5158 3509
2154 28124 10774 5696 28071 6717 19033 16702 18250 11479 9639 11346 2570 12881 6100 892 19581
16212 23298 14945 13888 11829 6717 19033 6504 8601 26557 22303 24864 2570 16701 16059 298 17049
16212 8348 16147 13888 25502 16098 438 22757 8601 21227 10135 12875 9796 11894 11761 16636 27867
23372 20910 927 13888 19742 16098 22232 11242 17816 21536 5521 12453 18202 27879 29227 2586 6894
16131 28358 24239 26678 2663 2743 25717 15103 20804 21385 2891 11253 2600 19671 26925 2263 10832
17960 28358 6038 18491 665 28229 9196 13339 9615 16368 14483 7011 15337 3793 26951 9159 505
26406 3417 14989 5865 20240 28229 25042 13339 19 1786 379 12260 2249 8183 11207 6072 8572
11379 24154 6891 1400 24597 25548 25042 18677 19 14236 9407 12516 17318 2970 10243 14122 28252
23066 24154 6891 8825 3868 13781 7349 18677 16765 16594 9111 12516 16775 28744 28661 12141 18908
23066 25884 18573 8825 24068 13781 7349 28249 7295 25834 4761 20986 24646 4150 23832 26501 11632
17788 16125 18573 930 19858 11283 16349 25213 7295 12024 26091 11780 26957 4150 6664 1086 4282
27053 25501 23500 930 29165 2420 16349 2978 26508 18748 10915 21581 10638 29049 10963 9389 4467
7868 7005 23500 20982 2024 24358 13579 12277 26508 26115 4292 29147 10638 12358 14816 11686 14066
7868 21644 23895 6331 2024 22833 18139 10970 21801 25196 4292 7028 25382 12702 18566 11686 10013
7868 11013 22559 9715 28029 7877 18139 10970 690 21586 18783 29273 7975 20747 27442 14619 27971
26884 229 7781 7582 16096 5172 19980 22709 12126 2202 17730 15777 11721 10212 178 21160 15362
26884 229 25708 10329 17179 3397 19980 14155 17038 11038 8958 25722 16998 4580 23612 14818 15362
26884 13155 17909 17324 7734 26409 2257 17878 17038 9125 19971 19382 10004 26878 23612 23851 28841
26837 13155 10568 19408 10732 26409 9138 24361 23174 8634 20193 4377 20035 23 10331 19229 16324
11226 13155 26206 28700 11563 22624 15963 18621 24144 23308 16381 19269 20035 7322 27489 27266 5891
20937 28007 7379 21995 18059 8281 27109 18621 22398 26675 22656 16459 2417 14255 25079 15869 19755
12441 28007 12865 13236 18059 11751 27109 4308 14052 26675 24619 13475 26667 23759 19357 25402 3071
507 2180 3028 5447 18059 26620 25909 6997 4466 23382 24619 12648 21283 18223 29450 12768 2210
13685 455 9692 17572 22771 1659 6731 909 13560 23382 16514 4132 19863 13120 9580 19275 12485
13685 21654 1310 20439 1293 6926 10937 22448 16694 27144 2357 13035 2386 4085 21588 23609 18396
2603 21654 6057 8298 8705 21844 10937 22448 11490 27144 12150 13035 2351 7541 26126 25036 26077
25361 21654 6057 27562 8705 13037 5069 27224 21284 8219 8453 3965 2351 15555 7698 78 11520
25361 12978 4897 27562 4171 8752 4185 1163 21284 28447 15065 23496 2351 13865 28800 14806 11520
10097 4447 4897 10811 17445 27202 5629 1518 60 28447 16729 1795 8235 8057 8685 28682 12840
6082 4447 20274 19379 166 27202 7574 3260 60 1547 6805 1795 6768 6092 11029 5362 4153
15808 18562 17201 19379 24731 12250 5162 13362 4996 1547 20769 13349 18363 2843 5762 26879 15240
15851 3255 17201 4924 29365 6994 25365 5446 4996 5254 27509 16996 5436 17184 16032 13415 21966
15851 3255 16902 15827 2834 6525 13174 4307 4996 16988 1612 12401 7813 9549 7272 2590 13087
20564 5837 27302 15827 19312 7036 25123 2650 6445 24860 1612 8098 5016 17697 25275 20509 25593
114 5661 1586 7157 2306 5680 25123 1389 13666 23225 27117 9988 6346 28996 23675 17097 6097
24113 23907 1586 15035 2306 15652 7898 22264 24934 17415 22442 11659 20707 23980 18592 3756 25889
24113 16566 14480 29013 26323 8878 12416 18597 20048 21860 9390 11801 21736 13384 20200 16139 17823
24113 16566 14275 29013 11204 22447 22573 24473 13150 19589 9663 4040 26898 24898 13542 1311 19233
18090 14265 14219 29013 5743 17538 1564 14408 21763 9069 2520 7866 15862 24898 13542 24662 12213
12731 20427 16628 23894 27086 12869 26930 24311 1949 18918 23323 7866 7301 6153 12103 1273 27412
12731 8167 28269 1750 22755 12869 24843 20739 22423 24657 24169 14783 13443 28867 12103 20839 11188
12811 8215 7660 1750 22755 10511 4777 11633 8264 23178 1999 14972 18197 14244 24091 19627 20252
12811 8215 7648 28014 11071 16743 6096 13138 8264 21955 1999 18502 20474 14244 2811 19627 11687
11778 5583 18962 26820 9656 16743 21887 13138 22738 49 11578 18502 16946 19239 14185 23881 28448
11778 5583 7311 22155 15619 15528 5088 26472 28980 27660 14296 16122 14991 19272 4690 13095 10018
11308 5583 11487 6262 21776 8948 8696 26472 27694 27660 6561 11187 1094 23520 13517 4975 12249
1784 21105 13962 15422 16978 8948 10645 22186 4418 670 23682 3780 7811 9440 13408 12349 3503
22349 20167 7037 15422 6839 18743 10645 22186 10862 16067 17102 2623 19819 5402 11932 18835 15889
17796 20301 7037 11152 10353 8328 6719 14243 4867 6309 21537 21902 20034 5402 11932 13981 15403
17876 22420 12473 25163 10353 11499 27563 14834 4867 4997 25576 24240 19375 21594 2934 9190 13745
24106 22420 12473 25163 14939 10721 6964 14834 8170 4997 25576 28258 19375 16767 9862 13513 17581
16372 22420 3016 25163 14939 10721 16984 10115 4728 13853 15045 28258 19375 25854 15957 5188 5376
4600 18902 17092 17496 14939 22070 19814 47 14277 10134 5239 4328 27921 25854 3280 24587 11853
6966 12713 17092 6548 15014 22070 5806 817 17933 2010 21857 17368 28946 25854 18129 6573 4972
27214 8389 1333 4619 15014 29122 29107 2852 1112 5965 25203 20362 18734 21202 9441 11937 23867
2880 25849 25796 16954 23971 19470 29107 3784 1491 21592 25203 24124 17285 14876 20292 11937 27108
2880 25849 14592 4128 18003 28276 26963 26969 14397 12261 12105 7229 3196 9971 28216 2648 26264
16162 17062 23149 7006 12215 5141 17416 1876 24204 5542 5676 24269 14930 13259 27691 28567 23725
10830 26176 19694 4974 5400 5141 23845 27533 11969 5542 1881 4569 11795 17421 2069 28109 15832
10830 8621 19694 3714 10904 17566 7019 23967 11969 5542 8993 4569 21123 1102 16551 28195 28287
27357 12826 16248 16722 27744 759 3806 26074 23922 5542 925 4637 27289 8888 3489 28195 14869
27560 12826 5352 16722 15153 24524 14660 26074 9446 10332 6181 16549 1543 6354 17203 16616 27948
4816 13699 27358 18628 15153 1613 29188 22627 19231 26347 16031 10503 17265 23084 2237 13078 13380
11508 10110 23299 18628 2230 12124 24938 6366 9319 19647 25095 18201 11525 23084 13025 5480 28334
28068 26504 6376 22107 10327 12124 25577 2521 7944 27243 13574 4420 15797 18509 24030 8694 19923
13549 9708 6376 25962 1533 8002 15762 15872 2805 27243 26679 22588 1629 16369 1080 10920 10090
13549 24192 17008 25962 1533 22861 3896 15872 2805 26834 13636 11448 5438 16369 15641 10920 7115
28312 28351 23272 24205 15557 22861 9458 15872 29448 11978 20391 5487 4801 6679 8902 28017 14399
17204 1691 16200 15891 16319 1188 9458 3202 24610 11157 20391 7554 16782 5565 24696 3835 3849
17204 20851 4671 15891 16319 2462 11222 3202 10061 11157 208 14612 6446 19002 15433 24090 3684
10373 1821 4671 10464 19525 2462 26659 11344 2005 21445 8716 21178 1839 10352 1529 24090 14641
22953 20073 4792 6273 23775 16665 28458 11344 17533 13821 7195 3348 13129 1850 28885 22959 21514
22953 20073 18192 17079 1759 23196 21820 15655 21083 13821 2725 5303 27818 11518 9042 9719 8142
22953 14281 22210 17079 25779 21436 21820 5407 18159 3888 12785 10218 4755 9832 2528 1444 27669
7939 14281 22210 11736 8945 21436 8748 1993 17520 13520 6431 22653 29219 19591 13299 24049 14241
25380 21307 4672 10041 8945 20964 20145 5451 17931 9884 27379 26630 19684 20586 29375 26883 3405
6791 21193 642 10041 13540 20964 22474 25522 10803 2245 15356 26630 19684 22702 13617 8323 15246
6791 5867 1349 2127 5326 24055 6625 15023 15782 27282 23337 26630 19553 29007 10534 9361 12605
6791 16693 12712 98 9432 10768 6625 27082 14657 23976 23337 26101 19553 10400 9454 23086 25712
6881 2264 9996 10738 21655 3108 6625 22005 12451 9225 10225 7029 16625 29317 18205 9839 2977
14056 27981 9996 20450 13058 14867 12142 18569 18952 1199 2845 24724 10654 15988 2966 1200 29005
9820 27981 4133 20450 23105 15845 25357 18569 22551 15915 27336 16734 2694 10694 17063 17388 19421
9820 27981 4133 20450 17694 14021 10048 18569 9532 1822 27336 27861 23856 6419 11192 15011 26389
9304 27981 1208 14409 17694 7177 568 17831 5099 7758 23386 27861 4242 10462 24709 25101 10588
9304 20153 16550 1294 1180 2494 568 6356 28043 1713 6939 27490 4194 27296 22884 18820 7627
19996 11955 16754 5189 25245 4832 20919 6356 1900 14110 4213 12448 27843 27850 22884 15874 19626
17435 18893 3958 5189 11151 499 7316 6356 1900 14110 4213 2035 13744 20466 22884 20208 6272
13154 6647 1633 4176 26097 27613 9157 22587 14963 17952 11097 12943 2023 20352 26355 21135 2922
13154 13434 28789 4176 18189 27613 9157 27425 14438 10271 22092 26311 27494 19348 3423 7539 20682
12512 13987 28789 18504 12464 14754 5330 25082 17441 10089 16115 26311 2581 28515 26594 26100 20874
21532 6319 28789 18504 4805 28812 5330 4159 15078 5782 17376 19537 3905 809 27875 19287 938
1562 15931 5394 12871 16085 23328 20932 7368 21748 29328 6950 3465 22220 809 777 25484 13662
19674 2006 9990 12622 21564 23328 17691 21177 21748 22715 24713 28562 13461 23888 1103 3677 25919
19674 2006 9990 17894 16508 23328 12475 11453 11802 22715 22844 5021 2181 5196 25329 16164 4472
21203 6701 9990 10478 3653 23328 10103 13397 3605 16 22844 5980 1423 456 23566 233 9353
6023 18412 17262 10478 3653 16692 10103 6801 3605 14617 22844 29240 28720 6360 7843 8486 15080
6655 245 17262 15225 17710 23029 9247 6801 3605 26247 12185 9915 4336 9209 16669 2501 16990
6655 245 11840 1214 16068 8171 9247 23901 18291 18777 5799 1285 22939 15842 19016 2501 1716
8913 15965 11840 20814 16674 28746 11706 11875 17639 18579 26313 14511 9830 15842 19016 26130 5422
26945 15965 26416 21909 16674 27204 11706 21623 7228 28178 26313 14511 9830 7923 8784 26760 9836
26945 11560 4038 10778 16674 27204 1966 16466 19413 6219 2150 14511 9824 6870 8977 27966 1807
3584 1866 4038 5117 4382 12623 15382 22662 19413 1952 27016 9373 22487 11412 9218 15525 24932
10454 20348 5528 4563 4382 22461 15382 22662 732 1952 21618 14505 10773 18238 25924 27654 16072
22086 6729 25289 20000 4956 22461 12728 27602 3538 21634 22482 16126 10773 10159 17381 18078 11267
1658 6729 7808 21334 9183 21682 20060 3768 7252 23449 8319 4603 15994 23306 23239 18181 17844
1658 3048 26742 21334 6626 16015 20060 3768 22463 23449 8319 453 10166 23254 13118 15232 2130
18002 12566 26742 12755 5175 2231 6493 3768 22463 9453 3160 21424 14464 15124 381 20645 14553
6850 21753 457 2766 15170 2231 18613 2078 16564 25757 8635 23273 22967 8259 14971 10354 24903
1546 12733 28169 21664 6874 20078 18613 29431 12375 3276 190 21883 23417 10093 24085 14770 2341
10642 558 8072 6781 12914 20783 2506 10685 748 16857 11831 22654 12988 26423 20090 20549 11252
24952 21347 8072 22445 3360 24873 21405 3825 19701 11339 22547 3027 12988 29385 6341 25104 7352
24952 25947 13048 17061 10897 20677 26941 9912 16900 11339 3247 12690 1178 20005 3741 14140 21015
5841 2849 26394 28504 10897 12721 26941 9912 21136 22060 14249 23472 10620 26861 14042 9238 29224
22754 13014 27314 28504 21991 24599 26941 19765 29404 24041 26518 23472 20056 29383 25570 18371 22017
22754 25238 27314 22527 4553 5611 11410 19765 18802 23324 588 7865 5665 22055 26166 19003 23447
22754 21689 27314 8949 17976 20325 23764 17377 6666 5270 588 7365 10746 8756 15766 15503 2627
4602 13533 8580 8949 7593 20189 23764 17377 6666 7384 13971 20429 12446 9463 8209 8587 26548
4602 13533 20475 8949 5898 11304 12670 13237 1242 10482 23983 9065 1203 18762 17558 9450 14481
12257 4846 859 4285 25465 1323 10149 12252 13883 17947 11388 12087 3320 4023 21020 4945 23206
13270 22127 24742 5950 25465 5273 10149 79 15888 27180 23083 12087 10951 16518 13470 10938 2481
23376 12930 14780 5950 17464 5273 5426 26293 10546 4764 23610 1519 14482 4151 13470 11120 3928
23376 12930 14780 5950 17464 27387 2446 26293 9508 10132 6021 13589 23761 21055 24899 7581 17729
16745 12833 14780 7091 25618 3737 2446 14121 11931 22087 6021 13589 18268 9547 19358 6109 27033
2618 17055 26874 7091 26536 11178 17534 22464 11931 23990 2939 25100 2117 18367 15114 21204 20847
8900 17055 21511 12640 26536 9050 23713 2161 23336 17442 12471 305 6186 11014 15114 29209 15048
21357 6728 21511 14804 23598 9989 14662 2161 3163 10236 28398 6019 128 11014 23750 7051 13402
2040 22260 21511 532 23598 6486 8823 11475 14900 10469 240 12699 26307 25200 8592 18280 18296
16417 22260 2589 7504 21093 9318 4330 1917 14512 16181 28479 25039 4912 23006 12751 16260 28900
16417 20205 23551 25980 1369 6259 29471 4941 14512 16181 15242 12977 13073 1255 7183 9156 3593
28952 20205 12597 1944 4192 6259 14587 25958 4919 16903 21449 18117 8456 1255 15670 21080 22408
719 21019 29175 5543 4192 20115 25631 738 26758 3727 14218 8662 11110 3700 7059 3562 28919
3987 28590 17614 26110 1241 1181 6798 18914 26758 13251 15157 25670 5113 25148 23130 28865 13386
3987 21469 5112 1119 12125 12870 969 25932 21827 13251 24419 14253 2518 23955 23130 17869 19795
25512 21469 6483 27918 6303 4713 969 25332 1846 26781 22079 10436 2518 17024 29416 20722 13511
21659 21469 6483 8357 25027 7791 2647 25124 1846 27550 24572 364 27667 22898 9420 24375 7656
21659 5288 18588 9700 19342 22886 19740 2539 1846 27330 22743 19489 11555 10735 668 27773 25207
25977 5288 19943 23947 16977 17455 14493 12207 25764 21905 19807 18349 25845 2889 20181 5742 28712
19467 5288 19943 5165 14276 26708 8292 12207 20642 21905 5658 17889 7788 14887 2895 16969 16038
19467 21818 14225 26733 26181 18839 8292 20185 10430 6401 5658 17889 1654 14234 2595 1847 10077
23660 11565 4512 264 10696 10873 5359 19776 15429 11449 5773 8140 1654 17827 8464 15984 10077
13417 11565 4512 17522 5630 12275 29019 28360 15429 8354 28963 3988 1654 7516 17569 15803 19462
20789 12400 18505 25086 18684 17667 29019 2734 575 5163 17449 4134 22344 16637 13022 185 14508
12760 20369 1371 25566 20195 5472 5056 21302 575 22176 18433 1260 12296 22758 22454 10210 25390
18888 20369 18340 9883 4 5472 5056 16465 19876 22176 8400 16114 25678 22758 17973 17186 20663
4678 14181 14530 6845 8239 17402 19245 9414 16727 7507 15748 16114 23268 9771 17973 21590 23335
4678 14181 15719 5638 11404 5008 19077 12295 11506 15316 27814 20445 9025 21141 2555 26260 26379
16809 14181 15719 5638 4019 4104 27571 9045 20957 3034 16195 4870 24206 27909 8698 26794 17366
11279 17247 22716 10736 4019 4104 13289 29010 14420 1826 12 16492 7338 14449 421 26794 18476
10596 14248 19687 23732 26855 7917 2898 1622 20389 1826 23588 16492 7338 19738 18027 14411 14633
10596 14248 13065 7962 26855 10490 2898 25374 130 22120 13096 13882 22501 14382 18027 24491 19739
14924 27537 13065 7962 26593 8210 25752 17829 23972 9137 10052 25698 26122 3789 18868 22526 18358
1731 27537 15321 28502 23354 2046 14547 647 26647 6912 20829 6776 5456 23283 3480 18531 5970
1731 28970 19099 28502 11154 2046 1660 9930 20423 27790 22645 144 14858 29476 12049 19400 22097
16805 29451 19099 17283 11060 16842 20533 9930 25407 19201 3252 1743 14455 21824 28922 14727 594
19828 25045 25447 27399 21472 10201 20533 7287 15013 25842 4446 23295 14455 2599 28922 27664 26164
19828 2373 25447 1494 10129 10201 16285 2507 15013 12324 23531 13209 20214 14415 10974 3049 28541
4976 5152 20300 27220 13146 1156 20903 9046 10024 3342 3009 18230 20214 25470 6520 9395 16592
4976 10542 17277 4629 27301 1156 20903 10199 16101 3342 17131 17395 17272 18314 22229 14629 13377
11489 12334 17432 1463 27839 14600 20903 25296 16101 23915 27162 17020 18032 14134 7359 16575 12827
11489 12334 17579 4353 7640 26197 20903 25296 16101 21443 18990 15658 20064 14134 25635 6257 14400
15127 18728 17579 19110 7640 22802 13929 13229 10701 21443 17017 15658 27077 5327 13828 8463 26094
27732 5381 7020 28197 25933 22802 22108 29033 25953 7527 9079 3073 8326 24072 22265 10376 661
7639 6229 20808 28197 4015 5997 22570 10082 26835 16823 9079 25647 5309 2976 21731 847 661
23943 1217 20808 10367 4015 7662 22570 10082 26835 2851 9114 7879 3253 1367 23127 15629 8953
18430 3455 20808 4427 10333 26131 15841 10082 19993 25859 2432 21701 11399 13032 14291 11735 5951
28869 9490 7646 3652 16645 29058 29455 12321 12669 2952 8645 4967 20246 17084 14316 25513 8128
28869 26193 27764 2163 15311 18386 9891 5571 15700 14417 10317 3632 6680 12911 9365 27102 2479
22037 21834 23381 22291 15311 9660 12518 24384 28220 14417 28521 146 20934 27908 12634 1715 24159
15457 27821 1058 1906 3767 20901 2175 17139 13704 20049 8885 146 10492 5887 160 17669 25400
15457 11537 6269 1906 3499 20901 24284 21703 8214 22221 6065 19720 24323 10647 17865 15695 5412
17879 9536 26187 7093 19656 6849 18625 1540 8214 13405 23397 25177 13753 9776 17865 6031 24630
17879 9536 19547 9149 12489 10858 2840 5918 29341 13405 2959 23347 22880 9776 8630 10335 9664
1827 27578 9779 10548 19506 23156 22415 13210 1380 24665 16505 14103 22835 13273 9644 21187 20217
1827 397 25353 14190 20660 11099 19690 6060 6558 21924 16168 22834 22835 19218 61 22153 2187
29361 4527 2451 14190 20660 11099 12857 6060 26943 1879 3735 8968 28551 19218 26300 22596 23211
21879 17502 26702 28989 23022 10303 10982 24747 10410 17386 3654 16370 13130 10074 22213 22360 8873
21879 13272 23849 21321 23022 26035 10982 24544 10410 5875 3654 16370 28892 12030 22213 4395 20746
4381 26162 6199 2753 3407 21656 389 24335 26136 16831 15882 16370 24633 3021 10495 19804 24038
4381 241 4621 2753 3407 713 17405 15830 9578 7187 5498 486 25562 16235 19967 8553 18028
10870 23275 22320 17891 21591 713 21163 1338 6899 21503 12057 23627 27520 2105 6266 18972 20165
5000 11164 5779 17891 13253 18456 17382 10162 12831 21503 2980 23627 4946 17935 5331 1572 2784
7217 17828 18097 17891 24416 18456 17382 2649 22605 15625 2980 11567 8055 21028 22395 27592 21975
8534 26492 18097 6426 6909 18966 22274 6580 22605 972 15664 9481 10589 1721 13565 19276 13671
1653 23577 10188 8741 1302 18966 18272 23745 23569 29108 15332 10979 27128 18680 15936 2340 25807
17141 5212 20674 8741 1302 3966 17397 25982 13667 12472 24552 24900 13614 22954 18847 27916 1711
17141 5212 20674 11999 5068 172 25338 14880 28633 28836 18551 24900 27593 21782 20966 11430 824
8041 26579 4939 6447 5068 172 4014 22259 12138 11471 26718 9686 16336 7521 12793 14585 20099
1828 10203 9467 4126 7881 25695 14516 25145 24003 26602 20361 27127 6730 18086 3385 7864 21965
1828 10203 10940 2266 18255 5832 9586 18987 29077 3145 8403 13117 21571 28678 10726 13758 2326
14119 27360 6887 2266 2654 5832 13003 14709 23855 17419 19025 13391 21571 3042 18486 510 20758
29152 27360 6887 11036 21738 21672 10985 27466 7965 27855 3321 25701 15930 3042 24867 12193 316
17112 8372 6887 8180 15770 2080 17145 27466 697 14677 3044 7706 22444 3042 18434 3666 27171
1018 24295 22560 28344 15208 266 4887 27361 26637 20555 23736 16604 11988 5567 23221 16499 12383
1018 23963 16144 28344 28574 15522 4887 5240 19673 20555 19615 16604 1687 24908 23478 18913 10398
20904 12947 16144 28344 23945 22667 4887 2385 18410 20555 19615 20695 21115 14604 9744 12660 21789
26900 2051 6862 17501 1157 26142 17462 12743 9533 7756 2269 23767 21115 310 20388 29018 19256
12197 8036 24726 17501 20921 28348 4168 2905 2121 7756 3047 23767 9941 13884 21164 12449 8497
12197 506 9682 17501 13497 25806 4168 19575 12390 6313 3047 24974 3623 19410 22409 408 8724
6058 10416 28559 14159 4732 21693 9595 3476 26031 10888 2164 4633 4817 3763 9084 5848 24364
28509 10416 7148 7467 4732 21693 26067 14298 26031 6041 23680 3839 6452 3763 22907 26926 21432
18246 20740 7148 13285 26455 17000 791 8656 16638 16166 11033 6613 29061 22479 5960 20421 16916
23488 11899 9140 20419 6202 708 791 8656 23877 17517 2178 25549 9688 20140 21685 8440 24252
2961 29136 22119 18718 1536 28637 22791 8656 21498 2838 28680 25549 2948 27629 25228 10007 96
2961 27531 22119 9783 1536 10311 22791 18049 27837 7432 18612 12603 2948 21747 25228 20084 23853
13004 27531 27240 2363 13187 10311 16704 25315 3999 7610 2113 115 5409 15786 9376 4730 1811
27151 363 16611 1388 8573 13477 16704 810 2250 22042 23439 21138 15732 11202 10947 27697 25437
3345 1005 23827 2871 23106 13477 26960 23729 10848 4209 22867 26059 18689 6016 12355 18011 6882
3345 4443 12285 2871 23106 8809 6757 18141 25828 7084 11199 6592 11085 15925 27309 21567 9311
1024 4443 29335 8338 5881 24018 18817 28977 2632 7084 11199 7494 24330 15694 4666 28802 4653
1024 1362 29335 19308 20227 7753 5031 13140 12223 10445 16631 16970 9067 8046 8783 14429 7876
1024 27166 18735 10604 16821 12552 11109 314 12223 25840 29480 14223 7694 9575 7913 25198 5118
321 18010 29523 9531 18254 17718 16149 5963 22537 9825 10742 14223 7694 16601 19652 966 1661
321 18010 23287 16378 15349 23071 12762 28601 23842 13099 1358 9470 8299 2412 22637 27226 502
18828 13010 16971 14710 15349 6450 26203 9055 2915 22181 12999 16539 8299 16654 16961 4588 17725
23341 13010 9853 10834 14607 13985 17623 19751 5931 16167 21040 20011 24783 15659 4799 14407 211
5379 28606 24612 26693 20981 12800 28025 28987 24837 22521 24512 20011 22657 15659 4624 23333 12479
2955 28606 9072 20638 20981 12800 1258 26889 23085 17369 10477 25119 28064 2566 19424 5617 10563
16613 1634 6316 390 22038 18906 15341 20166 28273 21118 9455 25119 7414 9985 27211 17972 26282
20171 1634 19361 4304 7900 18906 15341 1117 21099 4573 15093 11950 10925 28294 16779 16936 11768
15492 23001 2037 13591 13176 18906 11910 15990 13284 16655 2019 24588 23813 2450 17644 872 15627
29083 19405 2037 16264 17992 6438 7199 28917 13284 1454 27907 23631 10681 209 21109 24128 9214
3214 17352 15197 1513 1793 6438 7199 28917 26169 23889 27907 9854 13886 13011 13450 3707 25897
19919 16012 19155 4148 88 2918 18473 14312 19968 20785 6174 9854 28772 16541 6006 27349 13861
19919 15029 7434 14341 15747 23223 16883 15138 16806 6277 28270 4412 868 16541 6006 1025 20635
19919 15029 1001 14341 3582 22089 3265 1411 4389 9123 1792 14658 28594 2629 11191 17768 3772
5637 14626 23538 7889 8800 18844 9520 27522 11669 25473 11331 8947 14726 18114 21077 13635 25755
5637 880 683 7889 4774 18844 13800 4314 5539 29366 21076 14034 18398 18623 12532 6330 9473
1487 880 5555 14917 608 18844 14985 23410 2268 17057 14907 24211 3634 12229 10905 20194 24596
1487 10237 26245 1983 17662 13959 16103 17820 26554 10544 8932 12965 3906 5514 3655 29168 6005
18589 2216 14826 17868 15759 7293 26958 3829 3571 5469 9457 25480 22374 12558 21368 23230 19310
7408 2216 22838 21100 15759 21192 17601 9745 8353 5469 10895 22190 23322 8107 25053 11841 13816
2989 2216 3471 8191 15759 29238 5663 8890 8353 14418 24017 18981 11825 27809 5244 25507 22004
26006 2216 4396 8191 21637 13499 5663 14451 20640 13775 22677 16452 22230 15590 28879 19974 28001
770 16737 5059 6696 7451 10906 25303 14073 16662 13775 19502 19594 15348 6306 6624 12739 14960
12016 16737 95 27261 27057 29514 10722 23515 14240 13834 12353 6433 23663 26254 6624 2415 14270
18824 554 95 9496 15327 22351 22312 14865 11923 21809 12353 17372 7135 2347 22591 6026 18510
14996 554 9116 17043 13125 6738 28145 14865 26008 12595 21628 16180 7669 28553 1449 26512 3126
20834 28116 2274 4388 19583 18150 28145 14865 11143 10101 8144 18479 16109 21259 28174 27519 19869
15567 20735 2738 4388 827 18150 2839 24703 17256 4791 17684 18479 18641 9506 21953 14540 27978
15567 20735 14668 27735 827 22661 9288 4227 3991 11665 1469 9910 18641 19079 3032 4354 815
15567 26818 14668 3982 20570 14260 18620 4323 3991 24034 17173 9910 18472 20092 21546 4354 8006
12139 26818 6553 4831 6069 14113 12727 700 6675 6115 13157 9910 5020 3450 1895 9806 18168
23227 3802 3557 14755 19909 18570 8062 20913 6500 21275 19005 1077 18528 10156 7809 7215 10786
20864 21155 10727 28228 19909 15890 16830 12460 526 19320 19005 11332 18528 4375 17837 26792 22311
19097 17398 17641 24785 25677 20424 10871 16446 19611 11472 860 2429 8470 8523 3488 2171 26382
13611 5265 19563 24785 25677 25861 458 13216 7702 6312 5550 11238 21074 12858 1205 19157 28852
13611 26429 3066 17888 18912 27337 458 13216 16569 17275 17908 11238 21448 12858 7887 1142 14446
13611 4843 25851 7399 20807 20553 2439 2964 6326 1899 17908 27641 3810 12858 24865 22263 8242
3500 14328 25851 23257 24441 1215 2439 6799 15397 23503 17908 20825 17747 5420 12507 763 2091
24888 6947 23940 3657 25323 18494 7642 3178 12167 1405 5524 12499 26668 19188 23791 28221 5734
7373 6947 29373 3657 16280 27063 8356 14156 16142 1405 24907 26287 17466 26425 6398 2624 15278
5694 16983 29373 3657 27316 21569 8350 9033 8657 21308 24907 9483 23438 25233 27700 6203 22741
5694 3460 27944 1817 24883 18823 4046 20463 20730 1461 18414 21239 17298 3192 21059 1456 12410
15606 13864 9571 15233 24326 18823 4046 24878 20730 6570 18414 15613 25740 26714 21059 12155 18699
15606 24924 2754 15499 1936 18823 6078 24878 15542 28642 14683 15479 7995 14766 17640 24004 23049
913 28676 5851 8268 1936 2767 24516 15292 17023 21350 9735 5006 15813 10104 16615 11705 17897
16995 22488 1240 4423 18362 21072 24516 21960 17023 14644 193 13327 16244 15578 26171 24492 7513
16995 8804 1918 24674 9731 21072 1735 4995 11129 17615 1162 12817 17554 14227 6903 16555 20898
19672 8804 9038 24674 10804 6633 16334 4995 7910 5534 1162 4364 11045 270 25052 11131 6461
25531 27132 21780 27472 10496 23361 28290 20344 10725 5534 20817 13463 16606 18216 27492 11914 16880
25531 27132 26775 27642 10496 23361 17800 28732 17833 5534 18706 13506 20267 18216 13738 16338 16433
25531 8395 20667 27642 27075 23361 29071 7000 17833 13997 18706 17406 12157 6144 27557 13811 16050
18772 8395 20667 27319 15358 6105 29071 8124 14309 20802 11874 26694 25655 10414 20063 2140 27454
354 16373 1256 26525 5791 6105 6996 8124 10941 14949 21869 20696 25655 2727 3517 8374 8500
17940 1815 18760 26525 6283 17178 11865 28242 10941 7056 8345 24984 18790 13681 18037 23370 26025
182 3725 10072 15521 4961 19253 11865 26087 26687 25126 8345 24984 17194 16839 27741 28416 23420
17979 3725 18581 15521 20558 19253 1954 21563 27258 17051 25442 19892 19173 17617 6922 21974 12876
16777 28333 18581 23688 26213 20223 1954 16600 14138 15637 16194 19892 5693 5360 7437 29194 26325
16777 4078 18581 4073 16095 20223 19668 24629 6589 5892 26315 19532 3362 21663 20521 29194 22600
28010 4078 13569 15060 14983 23080 17859 24629 28727 16028 29069 17600 16403 17111 15583 13999 8362
15498 23801 21660 2559 27462 16875 17859 14192 7055 7501 8941 17664 4906 7564 25219 21822 11798
21064 12121 23141 10208 4248 11898 8091 26713 27920 8509 5702 9620 2994 3990 13419 23850 14937
29420 28588 17843 16093 4028 11898 8091 26713 22223 2489 8412 12818 4820 20259 28797 8963 2350
19120 28561 9333 17920 22000 27041 8091 19521 17434 28468 2339 14150 7422 18546 28797 8910 26892
22441 23469 6608 28170 12183 13894 26744 19521 17434 3554 7067 13905 8930 10010 29216 8910 9299
15146 23469 7063 18226 12183 10437 3702 23153 17434 3554 2153 7718 28478 18406 12405 25766 25985
1440 7553 16158 13553 24026 27942 18947 23153 17846 19669 12069 10911 21769 22568 3221 20220 9099
16211 25286 16158 21867 22455 27452 16510 6598 25992 19669 27432 23448 13298 7358 26804 28424 11423
4167 8928 9089 22895 7770 13790 21121 6598 25992 4787 15147 4302 15361 4758 18110 17769 26966
272 8928 5855 29067 11380 17420 22988 21707 3277 25243 8495 25538 23138 20615 6986 25054 28826
21674 21640 22620 12117 18045 17420 20877 23988 4853 1341 18122 25538 17334 5833 29142 24230 22503
2652 10223 16073 4429 18045 17071 14950 23988 4776 1341 18228 11936 24413 12286 18385 563 27499
12164 10223 13175 7151 9605 1645 20442 19610 18755 3964 23334 11936 13421 2335 9792 28471 19130
1909 4065 13175 7151 21918 1645 14358 19610 3980 24758 26817 26764 20343 21225 395 7973 15753
11539 4065 18832 7151 10379 1645 14358 891 22184 2275 24001 27796 4940 20315 21762 27585 25656
11539 5563 8525 27430 13122 12382 28628 14013 19222 23564 29441 27796 26940 10562 29322 14611 20540
28421 9239 8525 25914 13122 24919 24769 14013 22784 25745 28518 3237 26940 10562 12280 17142 3248
3591 28748 15593 20367 13122 24919 18093 2911 26774 23147 11377 3878 17385 18766 1960 25751 1742
28462 15535 8156 14805 18925 11234 18093 2911 26774 23948 11377 12628 5003 17027 12388 21018 17144
5365 12684 14427 8232 19100 8267 17588 18424 6803 17228 11377 7140 19784 26141 20704 2361 16997
2092 214 2695 19061 19100 3372 13607 155 15989 9241 3643 739 19784 7044 5728 11268 6645
2092 28738 2695 29351 19214 3372 7747 155 15989 19092 1168 20432 18774 19194 10918 19318 3359
24088 22925 24942 22642 19214 3372 29235 783 10253 20859 1168 9180 4614 21937 10918 10213 3732
12642 1559 24877 22642 28962 17625 924 783 10253 11363 24033 5340 2877 7484 2079 639 13276
12642 9793 10114 15587 22920 17625 4005 18054 1772 24143 6902 13818 25461 20654 16431 8360 21560
29105 5829 4385 3850 22920 2261 16834 13000 26022 22523 6902 18016 19324 23203 14221 6191 2362
8646 7476 4385 16679 7130 14465 25529 1800 27293 9314 2946 5594 12847 20298 29064 26767 19428
8646 7476 7160 14345 8937 24746 18448 10968 24181 29505 18034 8004 2971 20513 2853 8031 1539
378 25689 7160 13544 6593 4079 2717 2456 24078 19737 15365 13982 2971 17108 28127 24921 20204
18317 25689 18836 20816 24048 15520 338 21236 6506 13269 28857 13982 1631 10695 28357 24921 263
22811 28073 135 6721 6056 7431 15913 27090 15879 13269 22923 28530 28150 26402 20161 19209 5228
22811 4781 135 7065 6056 28345 15394 5903 23072 25421 3626 2593 28150 19503 15582 6125 9427
116 27914 15488 12259 11850 26822 23453 27247 14170 24255 1017 21611 5870 16025 25137 23353 1243
9461 23082 22030 13457 17479 5656 22820 9522 18001 24255 21679 24901 7450 8600 26238 23353 18187
17963 17183 7340 13457 20408 5656 11904 9938 23142 450 271 9090 5864 1506 21156 4115 7164
17963 26117 24479 10211 5115 21641 20777 16811 2779 10073 5691 10459 24099 12290 19510 16033 20177
20015 26117 16937 13064 28324 12370 14251 16811 8263 26586 1799 1997 24099 8521 17185 5496 28578
15509 17744 29036 13064 28324 25342 11257 28944 6917 21646 7888 16178 5219 11158 17185 3275 10812
9177 10058 20714 3398 11417 1468 18102 7846 7871 23800 19940 16178 3128 10759 22618 20368 8848
9177 6852 20053 13135 11417 19932 18102 25335 21806 10357 18615 27047 13116 12837 23844 17870 19049
17118 21690 19595 16090 11417 19932 18102 8223 4698 19552 14613 27701 1438 28702 20754 916 1628
17118 1206 999 26944 23378 8715 3453 24104 14561 19552 13274 25062 12294 28702 855 15907 25813
26847 1244 24602 26944 3940 7411 3453 605 14659 21328 20772 5884 857 21457 8599 28210 10468
17655 1244 24602 20560 3940 7186 6549 605 25302 22205 1224 27632 22147 10707 27896 19576 9003
17655 25001 7008 23931 3940 5866 7142 2020 2601 6705 20845 1842 1837 8673 10122 12336 22949
28171 25001 18863 10924 26546 22924 7142 1974 2655 5776 6146 14167 11638 21666 2798 26343 12022
1809 15402 24452 10924 16525 16841 18779 6616 2655 29466 6146 18571 27473 7003 5775 27607 5913
22105 15402 24452 5642 17412 19406 15231 10256 2655 13413 3287 14560 13933 1054 2365 13661 16624
6064 25498 17784 545 27397 11213 5860 26859 4165 26937 15304 3117 17682 9004 21737 12445 21351
8821 25498 14678 7202 12547 4006 2981 26859 17409 8859 15304 20253 21766 2198 2792 13945 12179
8821 24834 15946 472 14510 4006 14450 143 26218 29206 25847 20253 20599 6990 26976 22231 6427
28402 26363 15946 6896 20690 28614 15768 27404 26218 29306 12430 6116 16435 14546 23056 11828 15218
28402 23426 19127 6896 20690 9621 15768 14634 26218 24281 5012 2954 634 10035 22214 20894 180
28402 23426 1764 25193 12368 1313 2097 787 18603 10590 8131 14819 20168 23436 9284 4095 1382
20087 287 20862 8060 12433 1313 14068 28069 19995 10590 24892 18941 20504 23436 6800 13536 1517
1059 1942 20862 25237 699 14039 14068 18977 9760 8030 18945 9696 27616 16473 449 2630 83
15300 1942 22826 345 9014 28438 17845 19429 19445 9430 18945 4565 1098 2564 25601 4658 11717
12866 25588 22826 2997 14799 19345 13803 960 14694 15121 19280 23229 28430 9306 6901 2034 23875
12866 22787 19859 8582 14799 19345 17212 960 14694 9518 8415 23839 19934 13817 14788 905 7053
19910 28035 18206 6003 14799 25841 17212 960 4999 23987 5883 19330 20339 20931 12520 29008 18568
19910 24749 8693 8997 19304 25841 26502 19070 1266 3011 25221 14717 21152 25496 12520 6649 23004
5936 24749 24195 5877 14760 12758 23534 14468 27666 8815 25221 1452 3263 14336 4173 24287 24377
17688 11627 22058 16845 14760 20403 23534 22746 20238 4942 24845 26342 3263 8137 28569 16815 2354
3461 22655 22058 16845 27834 20469 5978 10435 12782 243 23483 7265 1872 197 13710 28177 26571
3461 2832 22534 2938 842 21831 8944 13483 12695 45 24822 22594 25162 25683 22512 28177 2583
28044 14194 3771 10065 6040 7356 1167 21262 626 10816 14030 19241 23183 633 1396 2644 22462
28044 22417 1284 24503 12134 12218 8446 28058 733 20745 1632 19126 8518 8779 27158 7086 4835
28044 22417 1284 24503 24259 26034 12047 17695 2052 22277 5827 5755 6713 27723 12779 25862 9136
14568 1675 22668 5953 16104 28832 415 17695 2052 10370 585 5094 19271 23098 335 22290 18872
17193 9712 22668 885 16104 26779 422 7596 21993 9224 20649 7405 3809 23018 17987 3580 9564
17193 2333 22668 6921 26756 25956 422 7596 26954 10656 16974 25811 26841 8678 10309 3952 25558
29469 29070 21884 25015 29418 25956 3072 7596 9557 17708 9907 29407 15323 8678 347 19663 944
26375 29070 26046 497 4315 17195 23952 21276 26673 22915 15880 23953 18965 9076 27676 5930 2962
3371 14757 9794 13616 2673 17431 7613 523 3587 7748 1597 8164 10117 16251 20900 28302 25388
28466 16383 25780 8461 2673 17431 10202 1155 3951 5087 18176 21309 5485 7101 4275 4012 1515
4096 1527 25780 2423 26610 23886 1835 26302 8274 12115 6296 19530 5485 15839 4275 29357 23961
4096 1527 10872 2423 5623 23886 14250 26302 27624 8956 6296 13870 602 4627 23730 29379 8152
27559 11313 27308 4947 24767 23886 16066 26729 11090 20899 2131 2200 3535 15685 6050 15760 11720
28137 10131 15163 14011 18559 19998 21990 8466 17954 5925 12790 27826 12014 11177 12531 4502 7976
28137 2897 19362 9817 18559 19998 7377 26390 12486 27272 7057 19514 1409 12692 22951 11147 3487
8413 2897 5297 28524 18559 7378 16958 21912 18834 27272 28223 11679 28215 27190 6678 2755 19834
3040 10826 5297 25976 26812 923 13328 28157 20648 14523 20360 1641 12773 19038 5856 7209 28755
29233 19691 15145 25976 25814 24105 22112 8336 367 14523 20360 16792 10978 5643 6083 21956 6771
24203 19691 15145 27032 13045 24105 20 2510 25069 14523 12887 6848 25555 23097 17681 23695 9410
1934 19691 14534 4127 23981 4753 7077 4113 11183 23687 8979 21245 25555 26447 9945 20679 10133
23664 1109 2901 23434 8669 1355 2033 3619 11642 10407 16886 11785 9165 13525 17370 1425 1000
29474 15551 28575 23434 8669 19846 11126 11271 7161 8559 6544 29499 12222 25306 28212 5036 2929
16942 22798 21456 17056 17733 24368 3131 11271 28268 8559 22399 11402 12222 25306 6761 16384 11146
19509 17748 21456 29386 18811 24368 5135 11271 17616 26269 18855 9233 28658 19818 6761 9135 15434
19817 17748 1985 14173 4952 25808 19333 13862 14164 20577 12271 12765 7591 14323 10945 7288 2364
19817 17748 29358 19870 2185 12315 9013 8710 15100 8751 14792 10315 7591 9503 8150 19780 4701
782 18145 29358 1422 16419 18048 11225 8710 15100 8751 21957 11827 707 26322 28525 6830 536
16471 17881 14843 5201 16419 5439 27438 28745 20134 8751 18798 11209 20572 25422 24480 17858 21583
16471 25171 14843 15876 22020 19452 7919 21369 20134 8751 4878 22748 20572 25422 16442 15893 12735
20387 7277 11465 15788 5990 176 17707 23392 1707 6425 19714 22961 23523 8330 27203 17757 12883
20387 13676 3838 11403 20537 25199 19774 23124 3390 4356 2379 25215 20891 3659 7015 478 9387
12263 9808 23964 8642 20461 9086 21386 22694 24431 28072 5745 11289 11754 27324 27333 6432 27256
20699 25250 23964 27895 7848 13665 11609 26003 14389 17580 1170 24825 3981 24927 4495 23868 6861
21139 22524 10287 6941 21950 16322 29237 23260 21930 19984 26418 7045 15621 29473 24178 6878 16023
27720 22524 27182 6941 12546 6301 18427 29256 21930 19935 4357 11270 29415 22722 6428 29250 10899
242 2194 16154 6310 12546 5984 10636 8644 23900 15812 8048 10730 29415 27767 15556 25940 11406
6858 14920 4558 6310 10994 23645 23643 8644 11713 5209 7614 15983 15216 16913 6770 21079 1045
28998 14920 23701 15396 7695 5419 17751 23188 8288 23023 10047 6350 25271 17887 16807 14566 5205
23715 12742 23701 15396 7695 5419 27623 23188 5919 23023 17396 12874 25271 2747 1886 26810 7255
6519 12742 10921 11551 25994 4156 25839 21648 14204 10648 27081 21667 27647 15834 23714 6832 1857
403 14628 10328 19451 10529 21709 3708 1415 21613 2228 2391 10002 21548 28369 25098 8938 12729
2466 10770 10328 27004 11844 22054 23428 25669 12182 1100 2391 4094 11556 20902 23920 6817 8757
26191 24759 12958 9551 11844 22054 715 2158 14525 23171 13342 22350 15508 1968 10105 24836 14388
26191 24362 17791 12094 68 13294 23532 26174 8250 11418 5428 24260 26561 23238 6935 27761 12813
26191 22375 7849 12094 28827 18116 23169 15435 28534 19653 12671 29299 2791 25210 15746 15554 24386
26191 22375 27913 12094 21987 3152 4516 6173 25817 23770 10776 29299 2791 18739 19544 26773 19732
13504 17326 13767 28347 21987 9581 11082 20680 28556 9659 10322 18875 6697 21300 14776 26773 23636
26754 25563 11228 15922 11186 27970 6143 21188 24752 9659 8566 4204 24507 864 14361 3204 25600
16979 12928 23904 17559 19486 5718 2744 11864 29029 9659 625 17485 11810 25299 2588 3887 6479
16979 10045 5108 17559 18006 5718 4499 11327 15440 29321 15026 4998 23119 2288 21600 12913 27215
11470 22580 5108 24773 22992 8791 6417 11327 307 9343 15026 9502 23064 11047 21122 8722 24755
11184 6344 6361 5173 4539 3401 6417 19997 27344 3786 15908 15836 23064 14665 7452 25525 11438
8165 4803 18061 18797 4539 17149 6417 6621 4983 24277 28397 1457 27346 22761 16501 25525 8843
10433 9722 24405 21325 18645 20152 6417 13257 12931 24277 4034 28845 6462 23946 28335 13368 11589
24002 27440 24405 21325 18645 22965 1722 5966 13198 4692 17473 15343 6462 13292 15180 11962 14808
5043 19874 16326 10109 26680 14779 1722 11647 13198 23703 18687 13541 21474 13850 12184 12934 8777
5043 27136 7561 3882 10749 9704 3271 6778 29363 2232 20248 24894 28134 12554 5506 3257 1104
26078 13943 743 26225 19046 22104 12378 14048 29363 27198 18017 17867 20770 12554 26039 4480 6988
25363 25464 14488 16534 17223 28528 12378 19042 2836 27198 26809 4875 15418 21333 26039 25704 1630
25363 7108 2696 5727 17223 6280 12378 4587 12627 4266 21518 2535 12332 14702 17477 19395 26911
9161 21224 2696 5727 17223 10295 19803 29423 5198 4266 28233 10228 4351 1599 4980 6311 1875
19708 25860 22046 5917 29378 16290 14608 29229 6337 5126 2785 21030 29268 10216 21392 27265 12859
2484 19719 16295 5917 24175 16290 14608 11315 766 5126 26232 20396 21579 12885 6222 25176 15221
8094 493 27381 20244 24175 19024 2635 8469 7966 611 17628 754 17458 23459 3897 20959 27634
8094 6840 21621 20244 12176 11600 2635 1524 19651 15639 7777 21971 15942 9375 978 16689 6984
5157 6840 28630 20244 21673 25476 10593 1524 5226 25896 7777 23199 26985 17481 21963 13829 11197
5224 6840 28630 20244 12630 6618 22249 3751 3056 2370 4822 20231 27595 2819 14362 28787 13784
2786 7043 28972 12015 27305 9039 28655 3751 3056 4549 4822 23738 17218 15143 24372 25957 26280
2289 7043 28972 8565 13481 10613 28655 4789 833 4549 25627 23738 22128 9412 19545 22218 28086
3746 12162 28936 8565 13481 18697 23708 12306 4114 8325 7169 247 22128 29139 5042 3803 7960
3746 11356 8293 14057 13321 4892 29087 22837 4114 14288 7169 6838 8172 6176 26947 7834 28638
25858 1955 9058 25667 7248 4892 2427 13722 4675 1594 16719 13313 7765 22557 13602 3146 19107
19614 1955 9058 25667 19948 24885 2427 8308 4675 1594 1893 24953 20211 15002 23728 21264 21913
19614 12673 706 25667 19948 24885 16706 12961 9995 19373 1893 9080 1961 9102 23100 21264 17211
26596 12673 706 21861 14053 25830 16706 2793 9995 3511 10239 18587 7435 27937 9993 6591 4252
9027 24427 706 25518 8085 11115 22075 2793 10737 541 5795 2690 19465 25867 19204 887 21580
13473 6271 11181 25518 5709 9212 15262 13164 18209 18693 3301 8115 13410 4779 15468 18814 21580
21332 9975 24063 25518 23921 9212 26750 22114 17344 18693 25262 21755 17032 5801 13204 12615 1366
4715 19990 5440 24356 19661 29447 24417 17490 29150 7649 11493 18647 17032 29353 16786 15906 979
4715 26428 22578 24356 123 3795 15589 228 998 977 3250 13978 25852 29353 6534 18020 11917
6856 26428 8296 26974 28237 24343 16540 18878 15179 901 6938 8740 25772 8138 22122 26704 24472
16232 20774 8296 8194 12974 10674 16540 22059 25092 28809 15105 18365 15909 8138 17922 19588 20254
29098 20774 8296 17899 19240 10674 6322 8801 24057 24513 15105 7720 15909 6207 24053 3402 2355
29098 20774 29089 26535 28726 7346 24352 28941 16240 7 22385 10231 3326 14918 28183 2260 8211
2255 21024 20867 24422 67 4743 24352 1953 7386 8926 18368 17974 24214 26802 4895 9931 6044
11457 21024 20867 26086 11243 17215 1869 13123 20622 21382 27457 11001 18705 5549 9153 7794 7076
5291 16265 20867 26086 13918 24222 1869 18137 18422 29200 23857 122 28012 2924 18190 26417 11132
23884 16265 28253 26589 7146 1368 17575 18137 21014 8774 5097 18997 3705 1462 17174 18862 4164
4195 8190 3224 23686 20535 28820 18022 28408 27671 8774 2214 8628 8510 11248 4556 13194 4325
22471 23870 3224 7483 20535 17938 22760 3084 13033 21608 1063 18337 8510 12362 24506 25452 6610
1965 23870 6162 7483 3218 3441 28040 5023 4193 8950 27471 10988 10324 3129 28310 29182 13961
19481 18591 20174 21007 24179 3441 10185 5023 4193 13235 1213 16077 20468 1929 17840 15336 22672
10113 4066 20174 2136 3566 15912 28796 18752 7276 25553 7131 16077 17255 22894 23529 9961 14752
4734 4066 6295 15576 3566 24689 28796 22891 15142 2752 28473 6711 26899 26691 21363 3025 9798
4734 746 21098 10066 12465 24689 24421 29244 22256 15420 8276 20798 18618 24478 21363 8342 28914
2916 21042 21098 4606 12535 23873 26643 52 7925 13314 26454 5835 9936 2505 10387 7993 6843
19622 4759 7171 4606 8431 20627 19262 20186 7925 140 951 8512 9936 13263 20879 3641 6569
12724 22169 4439 18158 12564 7885 21339 21274 12352 12757 8007 13277 3309 22238 11854 13583 6466
14521 23263 3174 18158 25460 20400 21339 16286 15634 15345 26096 13277 740 25978 1495 23747 8428
17999 7391 15992 18158 25460 18418 17629 10254 15634 15345 20634 16599 3718 17296 1495 25790 14160
15976 5403 26386 25526 21461 9923 1571 10254 18042 17765 7863 5899 22663 9 24022 2492 6488
20373 17596 21517 23672 13732 15826 1571 10254 14941 18605 12254 13904 15270 28498 6204 17136 8855
5477 17596 24235 24118 9897 15826 932 21619 20447 19466 8549 1921 15270 1364 6542 10360 13476
18659 11011 5893 24118 24199 18801 5057 29400 20409 10758 8549 15102 12258 1364 17546 24826 6857
16479 17672 5893 5700 24199 18801 5057 2689 16051 26965 16503 28613 926 1144 10094 16928 26780
22472 17672 5893 15117 8875 7508 20881 28718 8381 26965 28688 24594 4410 14000 16078 22555 7237
26484 29472 22430 15117 8875 7508 28328 7489 28189 25295 15074 9888 18999 654 6659 6619 4964
4608 7103 9351 7906 19879 20390 11997 14535 28189 14193 14621 5501 15334 16401 4642 7318 5133
20967 7189 7740 5374 19879 25702 2607 25471 24567 8547 10284 20975 3790 3234 24232 1883 25223
29037 25317 27097 24578 19879 25702 26011 26237 7099 16187 22752 5207 19747 840 24232 15331 14405
19397 10323 14978 8985 24590 17474 12763 26237 22470 16187 6880 16822 10756 5385 16568 6156 27217
28422 28666 28096 12359 24590 7078 12763 15395 17339 18118 4611 16822 28332 5385 20711 20943 19393
14088 26017 5425 19302 27340 7603 21124 4555 13890 15109 16159 25016 28332 2831 22593 16862 21043
12396 26017 16556 3870 27340 27274 8653 28566 9577 26320 7278 4426 14851 25170 14958 24789 5871
12396 2516 22640 20103 11224 12173 5792 9987 3127 14994 11522 17969 14851 25170 9464 12619 7605
12396 21768 2881 11365 16371 12173 5792 16182 18993 13913 8766 26196 14851 1679 7772 15607 1851
12396 9295 2881 16075 16371 4710 21979 26528 6226 10195 3338 26196 27449 20028 10791 15607 8081
14976 2499 2881 10266 28710 53 3672 7956 24400 5275 26803 18649 8733 3346 6095 19972 19635
14976 2499 22272 24604 6686 18063 3723 26441 24400 17810 19520 24137 13606 3346 8780 4329 3739
18557 29228 29080 10622 4435 13215 1761 18827 51 17810 23358 25771 27513 9573 2848 27980 21746
18557 24846 3574 10622 7724 14520 1758 18827 28004 5510 8450 5644 27513 8313 3602 22362 4473
22337 3472 5121 10523 28929 14520 18794 18372 28004 27035 3222 23499 18986 21094 19365 8545 3043
2908 3472 20299 10523 24097 16238 23949 8196 15081 15744 22359 8181 27239 2317 9439 28214 1042
2908 28205 20299 12748 16207 10383 5705 28063 8869 10715 22359 23969 11915 10016 20962 22810 17633
24374 5842 19301 1376 16207 24318 9986 28923 13385 12602 22359 28094 5120 10016 29403 581 8498
20979 11800 19301 8624 4306 21154 19454 28923 22321 12602 11232 29339 2217 24916 8990 17811 11461
7726 29525 19301 24483 2219 25028 5392 8588 22710 19657 4261 26830 17047 24691 19482 19554 21427
11822 2641 19301 18284 24621 25028 6473 9855 19750 5169 24226 20198 11530 27958 10020 29463 10191
17574 29068 5325 2504 24621 11893 18745 11907 19750 24218 2686 508 11788 14627 16311 9232 23131
23456 9197 59 2611 12007 13186 29346 23794 17392 4154 939 1855 23575 1353 25038 27847 25822
12339 15207 11819 12027 3853 21289 8126 6347 17392 24652 22897 3701 23575 8951 7670 7990 2774
12339 8633 20914 9849 5284 17866 24313 21179 28635 13107 7500 3701 19916 2434 1643 21959 10378
26624 22804 24711 6093 13920 10262 17511 3817 16184 678 4093 25142 19916 11974 16080 12752 16410
18175 14116 24711 6093 5786 22651 5628 21292 13723 1626 15831 9706 18547 11974 4449 1608 8255
12224 14116 24711 2087 27380 15510 15137 4027 4769 1626 16542 17068 7571 21316 535 14310 25485
12224 26888 20516 27681 21364 15510 12253 6224 7600 18656 9366 26872 4197 1854 12633 24850 23364
