16908 22355 14315 7624 4951 23488 22097 11728 17798 25028 21244 9932 21027 6859 16753 10481 19023 2157 18084 10579 6386 9830 17856 20121 25561 24967 20372 16346 1112 16068 10039 24117 4169 11664 20512 10040 4464 8888 8686 21323 21158 1642 17458 11303 24179
16704 16093 14315 7624 21529 4135 22097 25411 4882 18821 13897 5647 21027 15695 13060 10481 21722 7772 21218 19926 11489 3239 18019 1384 14784 1523 21295 16346 8452 8761 3238 19630 3051 4955 7993 5062 326 13028 6602 4364 7199 10834 15000 1828 19803
8430 3056 2056 4245 2960 10674 24719 25411 4882 16172 24157 20143 2263 9715 23882 14670 21722 23198 37 21104 8793 877 11114 12764 9973 11999 17166 17214 7797 22671 2848 365 14589 4955 15798 1412 5249 13256 11251 15417 12546 13726 23408 8744 7038
8430 3056 11586 15751 15274 10674 16065 4251 25350 12424 24539 20143 9258 24684 14404 1526 14588 11123 18210 21104 24855 19939 14333 8413 9973 6812 23573 1732 7797 16227 22835 13182 14367 6437 15798 21290 1473 14130 23399 14480 18497 25122 14366 9733 16327
8430 20355 25172 23180 15274 8500 16065 4251 10437 6948 8938 6731 9258 24684 14404 3444 14588 24792 18155 12476 24855 19985 14333 11790 3810 17608 5555 23506 14967 20533 23103 18551 7563 6587 13465 11216 13101 20609 22577 19379 57 23136 5156 10684 17695
19035 19892 25172 16036 21293 24352 16065 9275 10437 13167 1292 15289 9258 21199 8168 25464 19741 24792 8407 18594 25352 21309 19440 4223 3810 17608 25131 4843 20481 11369 15731 8873 833 25443 9369 13648 23868 25085 5138 21251 57 5694 21270 25521 10497
20669 19892 1505 3934 21293 24352 20801 17717 10578 13167 1292 2893 11454 3082 8168 23760 19138 14529 1244 18594 519 9197 17544 25455 5886 17510 10566 9837 25169 17443 17401 18136 5431 2288 11376 6359 23559 8057 20731 2325 9202 6593 2386 3498 25228
20669 10513 1505 3934 10655 12355 20801 16629 10578 7185 1292 4309 16141 23151 6881 23760 19138 16860 20186 11455 519 20694 8936 2649 8115 14425 10566 19006 25099 9777 21838 18136 17774 13930 22207 6359 23559 8057 16062 10003 7635 18525 16027 14455 14532
20938 747 9783 3934 10604 1869 10787 23361 10953 9101 21186 2860 16141 14318 21960 9213 19138 14241 20186 11455 9582 20897 14614 12754 25504 1671 770 2391 25099 4753 13697 2192 16901 5701 22207 23572 550 15355 16062 16846 16194 5328 12788 12182 16722
2051 7122 9783 21401 4825 16499 153 18161 25369 4071 21186 19984 21201 14318 20109 21325 25035 14241 20186 11455 9582 23246 2659 15532 25504 1671 20359 15232 15760 13334 15429 2192 4165 5701 25025 9456 15515 15299 20171 3293 24462 21497 14658 2971 25084
2051 22008 7345 2382 4825 18120 11422 21123 25369 14914 12403 21687 7910 12382 2596 18412 21718 25644 25047 238 20064 10865 16182 15532 21512 22898 17330 10363 12744 22399 15429 21757 7056 15920 24600 9788 4352 18769 15146 24388 9863 16566 10983 7521 10070
14232 3454 8619 2382 14793 21744 16840 18366 14804 14446 14774 21687 19884 4868 11503 18412 21718 5640 25047 6556 22954 6629 1313 12142 12488 25346 18081 25 16583 4205 9024 6897 8297 15861 9747 16680 5623 14551 15669 18260 12037 3001 17891 11726 25308
6263 3454 8619 891 168 17636 13447 11286 10839 17148 3050 21687 19884 13675 5692 18412 7128 2321 9903 24174 2550 3686 12019 24001 12488 16768 18081 25 2645 14768 24256 14208 14755 19397 13310 2267 12613 13320 7685 22709 11813 10351 14859 10376 12507
12816 3454 23286 891 1261 17636 23241 22977 20078 17148 3050 10223 19574 3413 12785 18788 17065 2321 9903 14069 22633 3686 6162 24001 3121 16768 11346 20796 6207 7508 2712 1282 15059 16701 20822 4184 6509 7946 3998 18203 13398 2589 23340 23243 12519
14080 21898 23286 18309 1261 18620 1876 7698 15229 715 13040 24730 22338 16649 12785 16416 17269 1195 21791 24122 24154 8082 6976 12612 18311 8676 20854 15162 6207 10913 4499 3972 6632 1025 20822 19673 10073 16775 11791 3416 12550 12979 12924 13639 9159
13191 21898 13891 10691 9426 2357 1876 7698 11976 715 13040 7022 20830 16649 23200 4622 1737 24595 5720 5367 25451 8082 1241 12612 18311 22456 2465 21578 16069 1630 14418 18608 20304 20100 2120 10353 18142 18254 1005 21597 9718 22116 7055 11570 17637
14956 12062 23170 3932 9426 15184 16399 22989 9810 15141 20340 7022 20830 16649 17688 14244 21985 24595 13520 7768 9909 986 17356 25475 14389 23936 17129 9677 3830 1630 24592 13756 10585 7156 12009 19172 18142 16541 802 1853 14034 19258 6645 9495 10735
25582 12062 21815 23795 11690 15327 10089 19136 10874 21003 20340 24587 13921 22639 17688 6747 24801 18336 12526 13907 967 15944 21860 4212 12890 23936 13890 23293 10721 24673 4812 13756 3222 22986 8624 21250 20290 22035 1508 5271 18859 11358 6645 19809 21737
6234 2595 24806 23795 11690 6796 19880 19136 19159 21003 24676 23446 10392 22639 3687 15345 24801 16996 11442 9668 10992 16796 16419 10092 4432 17247 7305 5783 10721 10647 1233 8366 7405 17186 18627 13821 20290 18814 25125 5271 20764 4969 12787 17323 17874
2400 4423 16152 18545 23164 15307 3448 5820 19558 11321 21966 6966 10392 19839 19742 15330 18086 4302 13889 19687 20546 16921 1678 3938 4432 17247 11628 868 5154 9205 989 14626 23746 20074 13456 25285 25607 393 14718 23531 21906 18921 8273 1044 18810
2400 6390 1090 18545 2049 1140 16110 6644 12011 11321 1536 25061 11374 18520 1899 12251 18086 4302 13889 9330 20546 8838 8160 21629 93 13884 11331 24499 5154 3280 3668 17784 5685 4547 13456 14155 25607 8331 11630 23531 7532 17253 1749 5642 6938
18464 17604 1090 914 448 20917 3974 15135 12011 11321 973 11561 7001 3759 8799 15618 16873 12829 14617 25476 12621 16204 16777 20858 93 24026 6233 5401 25329 3280 117 22983 5685 6640 23061 14110 3325 5289 17579 10909 7271 17253 7727 16096 18884
4817 17604 23827 16540 13161 20917 3974 2986 6977 23975 6040 11948 18758 6332 9333 20562 16873 5994 15547 8811 16940 23836 6177 23233 12803 24026 21396 20650 25329 12343 22982 14939 12380 9748 15507 18176 22484 16430 4913 10909 5054 22103 6171 22427 23238
14014 4384 23827 16540 901 7360 24335 2986 11485 23975 11686 14246 18758 10206 18613 20562 16873 724 1988 8811 8501 20845 200 5837 1406 15530 22625 18574 10789 20608 11909 4620 123 8512 11530 7781 14096 12818 24853 863 6589 20194 12883 4172 19066
14014 23656 20457 21248 14148 7360 24335 8795 17075 21717 5787 14246 6901 4144 15720 7207 19014 23107 19178 17410 22328 20845 5929 16494 6940 21454 22625 1808 11016 4445 9812 4620 22267 18811 23134 7781 23397 5246 22063 6612 25674 2575 15250 20950 12857
3884 680 16705 18351 11512 3463 16770 8795 13425 21717 5787 14938 23806 17399 20530 12859 5804 16999 19315 17410 11689 21556 9530 16494 15465 13638 10229 5343 7066 12681 21433 6636 15614 13386 23134 16883 23397 22834 311 1579 13865 14334 20589 4239 15074
3884 2461 17262 16928 11512 21932 16770 10987 10082 2488 5787 16079 23806 21806 18815 12933 4319 16892 14973 14042 11689 21556 16518 22192 21968 22523 3020 2344 17685 12681 12079 21097 15614 9208 5105 19129 7721 2793 7263 13075 14567 19598 1055 21779 20685
10115 2461 24685 14990 22196 15010 16770 13017 10082 246 836 16079 23806 21806 4767 9500 4319 759 14973 14042 13078 13482 4568 9971 4795 6321 11383 1571 9315 12681 8953 12288 24150 23127 5631 20824 5460 1900 16894 13075 24741 14180 3250 21956 15478
14509 23220 23744 14990 5242 11017 1409 13017 17872 5600 377 6866 15055 14221 18054 14082 14729 759 22716 8308 19756 23472 8810 9971 895 13864 11359 9155 3655 6582 2506 482 8801 15843 5631 13800 11183 12404 7502 24132 12666 11854 17916 1786 20295
1927 3585 14950 14990 5242 1544 5838 15142 17872 13326 9870 7718 22749 14221 18054 14082 14729 23247 22716 8308 19756 23472 12985 19571 17752 13003 12536 320 3655 20573 15423 11811 351 1488 5539 2900 25564 12404 20984 938 11255 14919 14045 25213 859
12109 3585 14950 4198 5900 18590 5838 4053 18767 13326 7164 9746 22749 10192 15696 13768 7586 19246 10110 524 21993 11407 8148 22811 4928 5436 17012 4828 18905 20573 1067 12714 21069 12492 4673 16677 3690 22428 24601 5023 14542 19898 14454 17650 6326
19008 3585 7000 4198 5900 18590 5838 346 22866 8040 8287 21834 20067 10192 2378 17052 21278 24188 24260 5402 20000 10007 2310 15133 9569 5436 12233 1743 14026 22246 23006 22111 111 16544 4673 18602 17160 22428 15699 19033 23098 24961 21485 17571 7406
16737 21562 4294 1257 707 225 14738 11751 22866 6013 23270 14685 966 6212 17359 16899 8233 24188 23728 5575 9457 7237 2310 19272 9569 12771 12233 9082 5949 20633 15446 21935 19153 3882 3794 1458 4644 14199 9538 19050 1993 8036 3939 5413 24461
16737 4586 21355 6429 8225 225 17938 11751 13270 14358 19216 14685 22684 3074 16019 21711 228 17327 15472 5575 24299 5526 18103 7133 6878 11646 7080 12369 14698 22626 20375 11816 271 25640 10979 11907 11197 5081 9538 11390 4194 17768 1758 15858 9807
9755 65 11838 6429 21457 20648 10846 16698 13840 2985 19216 3751 22684 12989 16019 19609 18556 17023 4778 10190 24368 5526 18103 16228 10005 14353 10263 12445 4610 4463 11301 3672 6851 22972 3332 4556 10810 8199 17700 21638 21482 15870 16233 24199 6609
18857 1272 24343 6429 24945 17818 22934 22038 9700 9040 17132 3751 7046 12989 9536 11102 8241 15340 6825 17954 12601 17747 18103 16228 23586 13288 15986 25340 7388 11797 17007 1456 2329 21631 3332 24270 1634 12258 15529 2719 23131 20788 2729 788 8216
18857 1272 18566 14587 24945 1886 4391 22038 1487 22149 3483 13272 6387 12989 10012 4139 11119 15340 6825 17954 1829 25188 21674 13772 23586 25259 15986 4087 14662 12042 1745 3527 4442 23848 25594 6789 1634 2086 603 11979 16961 17573 22514 13746 20718
18857 22797 2789 14587 6705 1886 11860 6500 2946 23955 3483 4129 10639 3921 15193 13564 19434 10785 7950 8301 4589 25188 8169 3500 10738 22180 15986 4087 14662 11261 9306 1453 1156 1130 4415 19653 13449 6389 20834 15863 7620 21501 19878 18445 24479
2262 16848 2789 15067 4004 5645 10601 3191 15531 23120 21148 9207 20404 12071 15193 5572 22511 10785 21124 8301 4589 11885 17977 3500 10738 22180 10929 12879 19635 6160 15913 14536 8742 1130 19270 19653 1902 14510 25610 13480 7620 25626 6848 20111 21415
2262 15574 2789 15733 4320 25685 10601 3191 15531 20090 17357 13837 18442 16571 12255 8954 7952 15046 21124 8301 24031 7674 1079 11640 20642 11166 5693 12295 14673 8385 16749 13411 10915 1130 535 9907 23297 6687 10599 7716 24970 16939 8570 1121 14197
2262 15671 17750 15733 4320 11588 12005 3191 913 20583 14361 13837 22122 14185 2640 8645 18483 11639 4096 16268 8191 7674 12027 16052 15490 18947 17562 3822 18473 8385 18397 25164 18011 10613 2801 21017 12906 1686 13350 10528 12534 13515 504 10767 1267
11735 15671 24387 21449 3306 22654 12005 7769 913 16122 23235 3175 22122 6316 11106 4892 20177 14077 5667 11162 11780 7674 22379 16052 18023 5165 10562 1859 17074 16799 181 15983 7866 18941 7296 24137 18625 6523 12313 1849 24662 1051 16238 8968 5780
21949 8895 25596 21449 14969 22654 25202 7099 14983 13142 24883 25430 1777 24294 6414 3440 16450 25020 21769 25130 21430 13108 14019 10254 18023 14922 14610 23631 7899 18406 181 11876 11829 9076 10748 23983 18748 6205 7113 632 8668 2300 6816 16216 2362
17607 20532 9017 6649 23287 25322 13410 21155 14983 2075 24353 25430 1332 9920 10490 12840 16450 22793 25179 25130 3707 10649 5353 16291 25046 3452 14610 11635 192 24889 20524 11876 25204 10892 24865 21980 19197 8196 1782 8007 16168 11146 6743 21321 16733
20181 10491 9017 5902 1755 10367 23902 24769 12762 18069 25036 14164 7093 9920 7393 11542 16450 12124 23889 7155 6294 7047 24864 22637 24812 3452 5972 11635 192 23166 7641 13143 21103 17975 12718 4564 19197 23638 17028 9597 16022 4664 20594 9752 24894
22066 24816 24455 19633 7631 11418 18757 24769 17375 1581 23575 14164 7093 338 3895 17422 364 5901 23889 25318 19355 5908 24864 22637 24812 8439 5972 22194 1102 15314 21542 14832 7 10485 14650 25175 7151 23638 10673 21490 559 21050 7071 22620 18835
22066 24816 3270 15127 7774 23473 20805 1538 18089 3424 6994 14580 7093 3708 5528 5905 10091 6756 23889 22211 19355 13080 7610 22637 24812 6303 1766 10179 20929 12697 3159 17979 22394 6451 10200 16414 22025 21281 11003 22612 3284 10828 3763 4170 5015
976 7673 6834 18783 5171 17117 3014 14160 5456 462 6994 14580 21198 6746 5288 2431 24848 22186 11866 11559 2896 7747 20789 15019 23174 23208 9891 10762 20929 5612 6467 18866 25269 11029 2110 14627 14415 5233 23371 24916 7749 10943 22299 13148 3065
976 3468 3435 23568 5171 17117 3014 20741 19749 24247 6994 6431 17933 6746 21319 21495 5280 1442 15758 7763 18807 8453 20789 15019 2763 22702 10365 14111 16221 17331 21076 9771 3009 1843 21267 10279 24451 19626 15435 9071 18740 21352 10518 169 6580
14553 3878 3435 9367 5171 11861 20483 10076 8918 16104 7650 13611 17933 2791 13855 21495 22636 22670 15758 10792 4774 15978 13391 15019 25272 15434 9217 9676 16844 16861 2615 12716 18898 18743 21373 17021 9670 16685 19822 14855 12686 4797 18441 18987 5178
14553 10626 1650 354 1631 2899 25299 14320 22705 24618 22450 15595 5602 2791 18299 25139 16699 14092 6615 22401 16964 16440 17667 25551 16466 7754 9217 386 12064 16861 4076 8578 20106 1741 21373 9446 25237 8706 22813 250 18400 7090 15334 21232 1049
1386 10626 1650 21488 10185 2899 8392 8505 18514 8847 21230 15595 23480 19077 13059 165 7436 8171 9987 13785 20561 8984 12895 11302 1178 7754 11590 20644 12064 24025 15888 23304 20106 21919 11749 15756 10731 23140 22813 10859 11050 21855 4107 10216 16231
1386 3071 5970 18053 18834 7646 2487 3327 18514 3848 1071 18315 5945 2752 2315 8681 7436 8171 21078 13785 15323 8643 22516 13584 1178 90 6514 17853 1436 3577 2982 12063 16576 1314 11749 15756 9322 23242 3059 9951 11182 21621 23245 5082 4612
13168 19719 12287 12305 5279 1918 2487 16573 16747 8459 16553 18315 12094 21567 11651 8681 7436 2954 6322 2733 13166 25199 8651 9288 5855 23258 4128 25636 1436 9596 6228 1420 15285 3036 10850 8658 25297 5480 6204 19997 10667 880 12090 20397 25224
13168 21224 10648 16357 600 25010 3704 22228 1984 4820 22242 1586 5167 19879 9573 5005 19679 17902 6322 16274 19238 25199 5132 3797 21707 24710 22785 24225 18280 9596 6228 3831 15285 22256 11298 12728 18283 12956 4085 5048 1349 4075 5290 6331 11158
10326 5445 12551 16357 4308 6128 3704 22228 16162 13211 12459 24071 5167 12970 5195 18658 12134 6874 6322 526 19238 22993 3669 21595 21707 5389 22785 24225 1951 1833 25208 1810 14322 24345 8543 18218 4316 20094 21628 5048 13406 15036 849 14251 24546
10326 12937 12551 18404 17473 14661 3704 19 16162 15528 12459 24832 8808 12970 5195 25301 699 18928 18489 23960 19424 6036 19018 14467 5841 18728 10557 22804 2447 15609 22963 7130 14115 15130 2359 18218 24224 1801 21142 21670 13406 21605 6374 20383 5821
6606 14514 12551 18404 9383 7530 21455 20678 18003 3038 16437 24832 10835 11740 11349 17449 16130 11118 18489 16045 19424 20365 9979 1235 14623 6122 8310 12731 9196 10034 22963 12825 14115 17758 18384 24500 1450 20893 19732 15610 18417 7519 13452 6424 21191
6606 23492 4188 20253 17749 7530 18012 2104 18917 539 9627 11468 19964 4186 3017 20914 16130 15107 23229 1499 9188 23201 21327 987 14966 2416 2955 25418 7146 6774 14001 14332 18024 17972 7176 24431 11231 5055 11656 7977 12178 12315 14632 11218 3924
9505 5084 4261 23939 17749 3698 7706 2104 11765 11413 9627 17851 1437 20702 22190 25558 23037 17549 23229 2787 9093 8186 1681 22393 13021 5747 2955 1351 16225 6774 9145 6601 15630 4504 4295 2064 7701 5055 6299 20991 5530 2224 1820 8946 7395
9505 21151 25612 23939 11806 22335 10923 11762 11765 11413 13788 4077 23691 20702 4115 8321 841 7407 21487 25243 25277 19760 13844 3415 13021 4521 19362 22618 6156 9402 7605 2977 676 13973 25059 21370 19794 22000 6455 6259 17340 8083 4360 14466 104
21300 18171 20733 16569 17936 10827 19942 13469 15365 14592 13788 22133 24342 6064 11903 21580 20631 21105 19343 25243 25391 24409 4629 7416 8161 20004 15129 3531 3414 23717 4058 22545 15214 20831 8812 10802 3575 25184 510 8239 1520 11156 16727 12478 8909
21300 22089 22529 16569 9623 10827 15652 9455 15365 14258 11092 19866 7498 16814 15904 178 16103 20507 5715 16575 20913 20510 4629 11897 1030 9607 20971 5441 374 2147 17079 17050 5987 15738 21987 10802 25390 21085 25155 16328 13815 7854 3615 12460 18977
12976 22089 22529 9525 3320 14700 15652 2222 10658 14258 15771 18163 10035 14152 17173 22018 21258 14730 19701 19637 20913 20510 19987 14756 20131 9607 20971 19560 13104 8975 17653 4961 11577 14745 16136 2350 4199 60 11727 6545 1480 23764 21362 1835 1083
19692 10320 9092 19366 4458 7786 6479 23116 10658 8773 8337 18163 10035 7404 22364 16325 23163 14730 7121 9703 20913 18237 10323 10740 3079 23360 1331 19062 13104 4666 11572 25286 18346 5287 11322 12528 1263 21195 9421 6117 3135 1035 3341 5034 14584
16674 16689 9092 16287 4458 14025 19236 1 10658 11846 25620 18163 11410 21140 6272 7708 23163 23332 4813 10357 25677 15668 1994 18986 3079 8671 16033 20930 2962 4666 18456 10620 5292 13967 13335 12528 15179 14050 15479 3188 9488 23752 6306 9610 5859
8379 22155 1139 15998 13460 14025 19236 5308 20763 7341 22479 16388 11879 21019 22493 24679 8494 23332 4813 21564 14280 19230 6457 20395 22696 23029 4226 20930 1330 11923 14319 17314 25378 8054 5762 15513 19555 3005 16458 20683 9488 8538 920 12419 16215
8379 19302 4558 15998 13460 9527 22327 18135 1547 13073 9060 10572 11879 19739 732 18439 13372 23332 3287 21564 24663 19808 14813 70 22696 12084 19041 5452 22351 2776 24470 4838 15735 12344 2638 8316 5615 21225 8597 20683 9995 11266 14786 7228 9398
23824 12283 10013 14365 15801 16380 19773 7127 1547 21272 9060 10572 9299 19739 1575 18439 13372 24691 8341 13637 16786 20227 20975 368 13852 702 5712 5452 25212 3105 16205 4838 15641 5913 2599 18088 17219 18532 8597 18583 2564 18148 10006 18172 8004
14927 25616 5422 4017 13240 18368 19773 11725 18317 24066 9060 14257 12945 4683 6463 1968 6740 24691 25507 4675 16786 18323 4962 7181 532 14009 22741 5452 13592 23602 23309 25242 2492 18178 227 13072 20746 18532 24688 18583 23538 22079 17849 8724 24667
18429 7273 5422 17246 13240 14439 16816 11725 21983 14831 16336 15339 12945 10464 25571 2566 14496 22738 22100 7060 22188 14877 8136 2000 7785 22628 10795 8438 1070 22054 23804 4322 4818 12521 7689 17682 16169 22870 23199 15502 1846 6368 21146 21330 10902
14604 9792 19412 19269 15728 1172 16816 24262 21983 19993 16336 16976 531 10464 17981 2566 8165 22738 22100 10610 11626 14877 15437 9940 13355 4274 18220 8438 1070 325 23804 24490 8842 3711 2686 17682 16648 15389 18509 17889 4505 9515 23916 10794 22911
19084 9792 23275 22028 15728 1172 8584 24262 5513 19993 556 25409 16218 10464 17981 7856 24696 6663 21057 10610 11626 4003 1279 4001 7678 14393 1819 17783 17600 5180 8147 12810 4300 12886 3221 19991 16648 12238 5345 15628 21398 2083 11643 22532 25629
10105 17941 17946 1648 6765 14648 8584 13019 5513 21619 2859 25409 14105 2448 16645 14299 21950 6663 18017 10610 19952 1293 2077 11803 5732 14393 23055 20098 17600 12678 12820 12810 22425 24302 18696 14003 2696 9123 12046 5603 3055 4073 19220 16476 5527
12639 5269 23030 17300 753 14648 1563 22291 18826 19072 6846 6142 5014 21051 12397 14299 21950 16623 18017 12325 19584 7141 2077 21206 1815 7496 23194 24055 17821 14204 12820 455 17018 24302 23413 590 3927 8931 5129 2968 20622 5484 10222 16345 13024
14765 8387 3517 7477 753 6843 1563 13992 15168 19072 16202 21893 2196 8011 1446 6585 17043 16953 25054 1471 25502 1629 13407 25218 11815 233 12384 24399 11379 8767 3264 11718 10340 8178 24888 9655 1611 4560 13496 25440 25426 23079 6229 21981 20279
20875 5320 15461 12361 12033 4084 8558 13992 15168 21696 16202 11147 19383 18688 8034 9473 23952 16953 7598 19496 25502 22245 18241 15842 5844 233 11187 24399 13229 5360 14033 11718 3911 876 21285 917 8376 1562 9751 6733 12242 23079 18072 8878 4299
2491 6404 15520 11441 18267 21584 8363 8608 15770 21696 16160 6483 12494 18688 21022 6660 23225 16953 5509 7984 25502 13051 17338 12834 1965 3809 16559 9795 703 11391 24250 14091 4554 22897 21285 21388 22331 7911 6484 12913 17646 4893 3267 12452 25427
17363 6404 15520 4746 18267 21584 7851 136 20193 1308 17527 6688 12994 7690 8414 16260 3674 1748 12934 8129 18197 22673 22120 14742 17227 11966 18060 25567 24787 159 24250 12523 17830 21924 13096 17118 22331 9020 4998 9354 12791 3297 3267 19901 22831
17363 6404 21862 4746 11794 18177 7851 22230 12341 1308 10111 12116 14483 21087 9416 12025 25226 2920 17428 1215 23326 9096 17802 14742 3365 11000 13497 16779 13553 24509 1940 21204 23991 19921 12869 6735 20271 14460 24119 904 20327 2880 9938 12698 17875
22295 23438 17421 7998 11794 13340 12836 963 17833 2389 10111 12116 17069 24631 13114 3140 25226 17200 17428 1215 22630 1164 19709 4162 6775 13707 9936 14497 16994 17581 1940 14228 293 16255 22377 3557 20271 12338 18792 8589 22970 17996 11959 7699 17887
20889 15124 23615 7998 17655 21408 6781 1362 17833 18377 16001 25159 21904 24631 14224 13261 9026 20593 17428 13284 14581 20928 14886 22391 14533 13707 340 24014 22546 19346 1940 14228 24871 14933 22383 970 22689 12338 19581 6379 9344 12610 9375 8471 17676
21857 15124 20921 3735 4378 1438 4511 14116 4569 23353 22501 6588 6198 24631 9022 17613 9026 15113 23545 12366 19758 7190 18385 6889 6185 14201 2706 4544 23929 19346 23648 4219 25128 19889 10933 785 20214 339 12173 795 11578 12699 23355 4933 22113
21857 10010 555 6591 20459 1364 9401 18477 12204 16049 4399 24053 9052 4303 23844 7364 8977 1612 999 12366 17627 13472 10713 14450 15657 23544 25325 18746 18354 11439 17962 2882 25128 10331 21116 11714 9476 8448 12720 19175 2771 3337 24057 10160 18360
22536 19292 19786 6591 6522 7441 12371 1482 24555 16049 21959 5346 17123 24654 11787 14904 14086 1612 10445 17716 7471 15338 10713 4506 16134 4109 15922 20720 16745 25528 14747 12364 16306 15226 17456 11714 6625 4103 4026 17175 7484 12036 5662 8572 5027
22536 17385 9223 17948 1888 19321 20284 11629 13213 12773 12110 5346 17123 6761 21291 14904 16118 17665 17930 12126 743 22801 25173 13226 23158 8991 5681 23523 7648 1003 22807 17159 2816 12464 8281 16143 16963 9388 19030 10956 12756 12036 9698 16387 21255
22536 17385 20541 10479 1888 20017 22880 18710 21963 9648 12110 4947 5325 6761 17232 2479 18452 15899 5907 12126 5204 22138 25173 1011 9519 12513 24670 21526 23604 1003 21730 7717 4093 11922 19429 15306 3143 17919 17504 4472 16638 15396 15900 5794 22215
11285 12453 20724 10479 1888 20017 18820 18710 8481 980 6921 15512 8251 17301 14499 17615 10171 24165 16176 5307 5204 25189 9684 22386 1221 12513 13006 23982 4646 557 7710 5496 3212 18737 9341 11431 382 20591 8925 24849 16638 25660 7880 20887 11527
11285 1408 20724 4048 12663 20017 9211 5036 10756 1059 19767 15512 5759 13105 21376 14006 23525 24165 14064 5307 18908 25189 1976 22386 13361 18838 25458 23982 7618 2958 7710 20315 1582 14348 15554 5168 23202 14122 3475 15723 9070 24307 8351 10000 6862
25361 23046 20724 17423 13791 14202 14868 2290 16807 1059 11142 7175 23215 14036 8367 14006 23525 13775 14064 8504 18908 25189 14453 11955 19098 24665 24838 5018 13836 18976 17179 10250 12149 2459 15703 5168 4323 18413 24724 879 19368 4416 4718 4451 5000
7796 23046 22707 9319 9620 18101 5153 2290 16807 22090 21472 13414 3639 14036 9510 17587 16313 6883 21897 9012 15464 17779 13902 19419 19132 3933 16167 5018 9624 18976 6211 10250 5191 19973 3205 5168 8325 18703 15642 8912 6659 5113 10062 12984 25538
15881 19345 14660 21236 9620 18101 22419 2290 21366 22090 16035 14061 1527 7169 9510 19353 12758 10207 21897 9012 22926 17779 21547 13298 18487 17051 16167 11796 16534 7474 8250 12104 25410 17482 1439 12530 4594 17380 5980 17414 15894 3760 1062 24281 19912
12199 9868 14660 8771 9620 10534 10662 20242 10653 8967 25134 22422 1527 25512 19243 7626 13097 15655 4804 14029 105 10512 21547 24560 4273 17560 6837 10677 16524 8095 22562 23137 17464 22608 4981 21881 3980 11649 5980 5978 12311 18372 21021 10255 9294
14238 9868 2714 9175 25483 10373 15979 17532 15093 12571 3331 22422 1527 5109 15119 12174 6697 15655 4804 14029 5053 5335 20977 22800 22023 11867 17386 20945 16524 8423 16538 18872 19925 22065 10948 6048 167 9937 2677 12595 272 8006 10337 15895 9726
14238 11440 25405 22029 13285 10779 7293 17532 24954 12571 25246 24329 23884 5109 21047 3409 18302 12102 4804 14216 1799 16454 19091 23188 4173 15466 9167 6153 24702 4179 8491 17720 1054 8078 2323 20305 8019 856 20348 20421 24194 12455 17586 23422 20915
1262 11440 25405 6869 2967 15154 9551 14234 16863 8620 11963 15433 7642 23756 6575 4662 18302 17505 2201 14216 14087 572 19091 25585 21989 3573 7739 16944 5439 13158 22214 17720 19365 23434 2323 2452 9469 24227 13825 20421 6474 1177 5344 4312 5350
2053 11084 3111 6869 491 7042 5026 13755 5769 23117 5238 2972 7642 20722 6575 4662 189 2979 2612 16102 23500 24671 1584 14863 21989 24348 9689 708 5439 12490 11784 17720 19365 23434 20776 18761 17256 1208 1268 8105 4541 23368 24386 4635 9310
2053 11084 20639 10775 18093 16695 2798 8374 5769 23117 24535 24389 3190 10935 25617 1516 22304 18115 2826 3126 13251 10393 4577 14863 14502 125 3412 708 24347 7010 6978 16772 9753 13358 16637 11148 5993 14818 9386 14735 25537 13297 9501 21625 25187
15270 10676 20639 18996 4522 2981 2798 15957 4469 23117 17077 12529 22616 8868 10471 1516 5104 16338 12389 9152 21033 2898 14999 3931 21762 14997 22248 14235 17815 3650 2203 573 19922 13358 14101 4915 11093 24120 23617 4911 6362 9803 5599 7363 5223
15270 10676 432 14403 231 18636 20084 15957 14746 21840 24483 12529 16511 16080 17740 8488 5301 588 17313 6010 21033 23761 23071 15194 21762 14997 13279 3979 21107 17578 2240 9779 15691 23411 9598 3653 15662 20687 24297 4911 23129 7327 2282 23093 203
3032 23066 12177 8028 231 19420 9273 19937 21692 5833 12722 3652 16196 16080 10145 8488 7312 588 24476 9690 14273 658 23542 12068 17190 24021 9285 16192 13255 5543 2240 19105 14349 5466 16585 6920 20385 17661 24297 19418 23129 1996 2761 10181 25470
22313 301 12177 15347 231 14974 9710 19937 24551 21515 10088 6061 3282 5267 22606 22465 12480 588 24476 23298 4717 5925 1159 12010 7400 5554 9008 5197 14311 10302 20973 25296 17899 11370 8549 6920 1343 17661 7547 24414 19672 24384 12992 3047 23693
22313 3803 10801 9247 18616 13901 9710 11317 24551 21515 4039 1690 3282 21853 17030 5773 23856 4202 19317 23195 11128 17907 25351 6097 7400 7205 15995 24502 15402 19636 20973 19588 14959 479 23813 8246 7142 24109 7550 3380 8454 18526 6206 9139 4888
13947 14548 18337 9247 5075 10371 2703 20671 1108 21515 10009 4630 18291 18513 6195 202 20208 4202 19317 12458 20742 15474 23712 13027 8553 17895 15995 25576 12499 2100 15485 6452 21365 19882 23343 383 7905 1962 22485 15062 5843 10020 6107 22024 8804
13947 19927 25074 25622 5075 9696 9823 22790 1108 23817 12704 12675 22151 18513 6184 19099 1024 16272 23325 11729 17303 3813 24846 11502 235 24858 18226 7738 7564 3375 8615 6452 21365 19442 14828 6579 8158 5532 939 15295 10916 25519 11323 17371 12656
15217 16627 4827 23419 21157 15831 15509 22790 409 15836 12704 16323 9144 23970 1832 17518 1239 16272 23325 9688 11746 7162 23685 14949 20254 7755 20868 20056 7564 14247 8615 8777 14498 5284 23083 24411 2513 22268 939 2785 23350 20336 14791 4211 25664
22602 9033 21653 12955 15241 21536 22312 12448 16615 4338 12503 11595 16876 23970 11482 19611 17910 16272 11348 854 5232 6446 12914 15245 9961 14906 24906 20056 7564 7439 8615 6187 20937 5284 20046 12346 8845 78 24651 2785 807 8243 3298 14397 20286
22602 18906 21653 22984 15796 21536 14686 12448 16615 8633 2839 11595 23094 2911 2760 903 11253 16702 21452 18567 19338 16464 3792 4599 15776 13908 3583 7995 1842 20802 21703 15778 22360 5284 16229 1590 12253 665 23750 2314 25278 23683 18572 2032 25531
10560 5619 10480 12874 19400 21536 222 14751 9168 3376 2208 4864 10904 465 23289 12862 11253 25146 21452 12877 16707 2500 1661 5278 20570 24364 9149 19155 17481 23009 7450 6139 14057 6317 4280 8344 17731 1607 20705 2314 7134 1045 1368 20839 18537
10560 4366 5822 1884 19400 5210 24919 20759 13972 3376 2055 23588 16390 7908 18313 24709 15562 25146 21460 12877 16707 10498 24649 1378 1955 5947 24746 19155 24860 7454 11617 1778 22462 477 17376 14833 18750 52 2526 3029 3225 9219 9300 21766 20332
19331 22205 5822 1884 19400 3930 24919 16595 11404 19446 2055 23588 16390 263 15160 4948 24222 3003 9190 19924 16707 20679 24649 1378 9929 1760 24024 19155 10815 13803 11782 23780 3784 14505 8817 7834 2717 14153 19477 19078 3225 6033 17540 19015 4341
21053 22205 4403 18039 19400 3930 24919 10981 735 19446 17529 379 16390 10696 468 15967 15903 24473 1163 19924 25497 15438 19854 5604 8610 8729 22627 23917 6350 21798 6838 23780 8447 14129 2581 1485 5099 24633 24914 12029 679 3675 23643 9915 15442
6179 17860 8180 20627 15164 17499 12235 10981 735 17112 5037 13690 11371 11401 468 15967 16581 15681 11099 18823 23440 23395 19854 5604 3504 16825 16828 25041 11309 9358 9170 5201 2698 17010 19827 15624 6174 1455 24197 10906 13119 6626 5936 195 5992
25002 11862 784 12376 17550 5550 23687 10981 7349 19677 5037 18622 11371 6810 5386 2422 15607 22488 11099 16654 19708 24510 19854 23405 3326 16825 19724 20130 4845 10265 13470 22938 25114 9765 940 23075 22891 4217 15875 14293 25293 13349 16020 10199 10118
567 2470 424 16974 17550 21425 12076 14062 7349 10224 12438 18622 25404 16421 9237 8362 23318 22488 15056 6969 19708 16170 847 23405 2921 7377 12657 20130 6290 3092 14609 12986 22667 1248 20939 2650 9172 1061 67 10447 13841 16101 10858 6094 7041
15462 15555 11252 11115 18332 6605 12797 2308 5542 25360 10969 24108 11723 3519 17561 3564 7455 4028 25018 17606 18721 16170 22095 16239 2921 14946 13249 10407 6290 7378 14013 7252 22667 10914 13734 3596 16147 6101 8419 20827 18338 13888 3343 20013 25574
5926 15555 14051 11115 15018 15548 17679 2308 9974 25360 10969 21712 11723 8949 19376 1285 2306 18387 13333 12748 18721 20714 17539 9859 2015 20529 21917 15427 1627 6926 1300 23738 10950 20924 12747 9660 4949 13919 11893 7196 6236 23734 842 1806 8518
5926 23908 4985 25657 6043 22565 17679 11043 24784 5702 7693 1764 15335 12740 19376 17064 2306 1019 25327 2228 4361 20714 5207 9618 506 6245 10167 15427 3526 11201 5060 20857 16664 23125 11011 1507 7137 13919 21489 14438 24176 12307 12897 6213 13012
6682 21759 674 6496 6043 17485 18833 1852 18478 17297 2890 1764 15335 15007 3173 6573 6268 23855 4912 11807 23078 21969 4492 16092 5687 19718 210 9634 4100 17537 5060 20857 15290 25676 13047 10124 16381 5257 19956 14438 22466 5438 21714 16646 23942
15215 15821 674 12254 16658 8988 18493 21590 20274 8359 8288 17381 274 15007 2090 2642 6268 10226 1147 11375 23078 11799 13601 22941 4869 20555 10744 9634 23871 7233 3977 7637 18804 23173 24938 20815 16579 25415 13514 17378 22466 10448 17400 4956 23723
7939 10555 10580 12254 14534 8988 4781 21590 20274 8359 10008 13332 12655 15007 1078 799 11659 16968 10483 20316 24682 995 8585 19417 20511 13669 22106 7816 17229 16752 16038 8175 8450 6565 19733 4270 25194 631 23452 15075 8534 3010 17400 682 5968
1219 2338 6695 12709 14534 22084 19435 9206 1486 8359 5646 2251 12252 4357 15830 799 6274 17723 15980 16556 24682 12855 4012 16226 13949 17501 11492 14805 13945 16533 4651 15589 14776 15706 25422 4270 24672 3177 7930 24424 23819 14007 5194 15767 5366
3328 14473 16185 13385 2109 8688 3485 11896 1486 543 5646 2251 7965 13303 23504 18671 6274 5814 22318 16556 18353 23914 2319 12684 11868 17714 11492 6406 12091 17171 2646 24441 9193 13510 17502 12708 27 10964 7930 13056 21280 1040 21118 21706 9419
25358 14473 24533 20709 12712 11720 3485 6784 14477 3118 20288 20235 7965 9707 24204 15253 8213 17951 25215 13936 8875 16264 24360 6334 6 17714 3487 16312 12671 14752 22927 4441 15566 3549 7666 19117 4311 10624 3351 4786 25096 13721 16977 21642 21979
25358 4611 24533 20709 20398 5396 3485 13302 2455 10273 17622 17698 13513 9707 18334 1169 25593 6200 8923 3226 8875 3555 1796 7729 12904 22962 3487 12963 16395 21574 22927 10060 2625 10204 25055 15415 4311 17590 15965 19106 21984 4235 16124 16111 1254
2604 4611 25257 3124 13649 3731 13002 23766 2667 22928 13130 12229 15561 3383 18334 22520 7144 6200 13676 10972 15856 809 18138 4363 14591 22962 1397 13151 15384 8760 25526 24718 2625 1788 12002 14423 15305 21066 9988 12703 23940 1465 1916 4389 19128
16625 4611 19378 10971 13649 20520 17350 17771 23365 15344 24594 10127 12563 3383 18334 22751 24060 20072 8822 15588 3919 2317 6721 4653 24135 8693 8378 22321 12608 17487 6990 4257 12201 19762 12917 23530 2159 10328 4856 12703 18950 12982 25191 15083 23106
16625 19876 5148 975 5927 20520 1793 17771 5400 24198 21745 1389 9986 617 7842 4697 9865 17490 13031 15588 7419 2317 20963 17295 24135 3644 12131 47 22846 17945 6990 11447 16750 17813 17524 22264 2159 18579 19160 18918 17756 20026 259 23707 13565
20077 19876 24901 14066 9897 8467 396 7776 18224 24198 10335 13200 15915 7817 24435 4697 16578 17490 25595 11892 8659 24960 19149 10063 24235 12462 21916 4975 1137 14211 6990 20774 1670 6983 20188 749 21507 16106 1947 12264 11525 7310 11027 21977 3584
9770 19876 15768 1854 15949 8791 396 3360 18224 2508 20952 19702 1924 3425 25459 7495 20464 22486 1802 11892 19917 24960 11870 10063 19020 9218 14125 21872 18134 17839 1718 24471 18887 6983 16998 10413 1086 16730 14368 19451 14862 13099 4561 24096 6041
15635 505 18496 23474 7034 22854 15898 6604 12128 21095 20952 166 10030 24574 11360 5540 20464 2456 1802 13687 2912 826 1342 12768 4183 21167 11408 19303 23051 17839 11557 13863 229 2098 22968 16644 20418 21336 7584 18040 23152 11235 20342 21716 9927
13910 23244 457 24526 7034 15039 12228 9873 2503 17525 14720 18427 10030 15310 2583 1032 988 23337 17250 21652 20012 22366 9580 19068 11850 2276 11408 15032 14436 9852 5616 16408 229 18652 906 18297 19916 6553 3243 16577 25068 24126 18615 11095 18799
13910 502 16285 23439 15471 4570 9785 11332 14896 9738 16319 3823 10030 11556 20458 1012 23777 19391 17271 1844 19214 22366 19202 10362 11850 8684 6161 15032 12854 9852 14709 24844 20804 18652 15357 7667 18022 8146 10554 7101 25068 11006 24749 13352 17101
13910 502 15918 5571 15471 1022 6384 14644 11894 2844 22170 17180 25393 9268 18208 19815 18247 16984 2917 3230 18621 8924 25533 10362 2664 8684 15643 7282 21781 3244 25053 17973 12591 8371 15357 1959 15263 4739 10554 24121 10998 2170 1385 20357 20151
10202 19481 12659 5571 15011 3460 651 10463 11894 12624 22170 23363 5179 15296 17237 22656 306 3206 13867 10818 18621 12342 25533 3486 16502 8240 16217 18191 24965 16289 25053 3031 12321 18563 2129 1959 11341 24182 5241 8638 18395 16934 16803 6704 19771
10202 5038 22509 8848 15011 24902 8591 10463 857 12624 19224 23370 22960 1013 16622 23031 19715 13138 13867 16509 18982 5614 13786 12034 21680 8166 16217 13544 9023 25298 1322 14233 20283 15959 12017 7465 12950 15930 875 2299 17150 21152 16803 20101 7571
18052 15480 16930 5666 13885 24902 8591 21877 857 18217 1365 11444 13313 16034 24382 23031 2931 12327 12975 10501 12916 5660 21693 25088 16175 16612 11917 25532 23599 15149 1322 2552 18095 17777 22454 24362 3194 21397 6788 22342 8010 15919 6982 24822 13602
9032 9835 16930 1120 13885 14335 6418 21877 6028 18217 1365 24521 24845 10066 17184 1614 3 23296 8236 12670 5059 5660 24087 6542 13417 24370 9316 22666 12673 15747 4386 264 10294 19634 10094 19045 12794 5052 4064 21333 14256 11133 8874 15099 25003
19657 9835 23073 11761 13885 14335 2576 9031 20665 22489 7892 17392 10476 10066 23583 15541 3 23296 8236 12670 11677 5660 24087 6542 13417 15892 12775 17094 6225 1094 13517 24078 10294 11477 9503 18393 9448 14651 4064 19890 5797 10519 1881 12665 19516
22189 11030 23073 5012 2587 10354 11103 22357 20665 20786 13172 6577 24318 7161 19585 23722 8475 22119 22758 12670 14801 22361 2559 23652 8517 22783 23418 25263 15467 3753 8113 25072 13061 10411 7251 22836 18225 22302 16834 16917 9305 10519 6918 21767 11576
2858 11030 9214 5012 21665 18790 11103 13413 20665 23477 4752 8886 6082 24128 13538 23722 21169 10849 18726 16833 21986 20711 2559 20499 8815 21135 5125 19501 25630 24705 21871 25101 14882 24146 15156 22353 14569 13853 9572 14501 18345 15331 1347 23641 7825
10697 20954 9214 20263 13845 2952 3208 11292 18582 23003 4752 5329 6082 8482 6801 23722 23421 10849 15292 16833 10336 15876 18328 23576 1326 21135 11904 21240 7447 20028 16624 19850 14882 14739 7062 1395 13516 23620 1394 6410 13624 8779 21358 3999 19655
8016 4809 4712 18330 19415 5479 24657 17961 9027 9955 13448 22931 17263 7645 23835 2376 7008 9508 8024 10380 22069 12614 6633 11354 10298 7857 6930 6598 1787 24757 9482 1374 3408 14739 23787 6089 23458 5770 19734 25198 2750 8779 2734 21080 19655
16072 4809 14981 17507 14341 6941 24657 17125 6821 22848 13448 1500 18033 6110 18162 18979 19642 22142 3717 9591 18985 7850 13548 5788 11507 7567 21369 23392 1787 10533 9482 14088 25207 11094 6124 5181 9046 7298 19734 8545 9134 11618 22883 1200 1604
15939 23635 15044 17507 14341 6941 7862 21514 21077 25523 17495 20075 18498 25280 13483 5672 11164 17680 13546 8345 25672 20307 7608 7087 13160 17266 1813 5244 13710 10533 6123 18573 9874 8457 6124 10244 18007 9287 892 21350 20124 5979 21492 3317 19285
2770 18223 21633 7743 9590 21480 10014 7428 21077 25523 23317 20075 20918 25280 13483 399 11164 19872 13980 8345 2996 20307 25180 21695 21803 15106 18549 8458 15085 19624 313 14095 24073 14331 11965 3418 23132 23436 5521 18281 9209 16119 23077 11190 23416
2171 13839 2132 6933 19600 21480 10014 16874 21077 7617 19268 8713 15 4863 21414 3478 11164 11315 3072 20934 11117 12581 12501 17321 13559 14647 18549 5969 3363 20672 16342 2861 25133 23845 24596 20156 23999 23968 10144 20294 12372 4253 4748 13957 18104
6664 19507 13733 6933 19600 9050 7684 22722 21077 7617 19268 14260 18181 2177 22904 24447 9030 5173 3072 20934 14097 5962 11186 13975 7814 14982 20958 17831 258 10796 22761 9220 25133 15104 2464 5714 18458 2145 23941 7621 19373 4253 4035 9555 6466
23820 2572 13733 14071 19659 9050 2311 11210 22721 597 8335 6370 25354 19165 489 24447 9030 22770 24163 11356 21836 5962 11186 13975 16151 11951 16516 23730 6840 10951 17193 9220 2210 2248 2464 269 163 24159 6065 2842 21070 8824 1475 17291 12121
6348 22375 11638 14071 5341 16888 8384 3993 24552 1194 17455 4121 8026 14545 9791 6154 9030 23020 14586 11356 15004 22621 10284 13975 25333 11951 12638 4593 20603 17905 14993 18697 9364 1167 13266 24872 23074 18288 12391 12767 20970 2835 10984 7284 675
19047 22375 16278 11683 11653 16330 7824 3993 8058 1194 17455 17236 16651 9740 9791 11795 20927 11882 14586 8508 15004 9984 10284 11052 25333 20485 12638 14355 1665 9650 14993 24723 439 1167 15308 6599 3245 401 20681 3951 816 3565 25510 16460 13642
11194 7574 19865 12772 6209 21702 25153 14643 7815 13044 10985 17222 21566 4091 5394 13956 15517 3395 14586 17154 15004 21046 20706 1998 6357 20485 18407 12370 1050 9442 3877 16333 20182 1167 14085 9691 6257 5324 5700 11983 9384 8404 14317 7206 23
9975 5295 19865 5891 21885 23998 7888 14643 7815 18046 9061 18781 7760 17048 7370 24220 19341 3395 20489 14519 5594 21046 2515 3310 6357 23482 6558 16082 18785 4288 23035 20630 14736 21159 6543 18440 22952 15596 12044 13593 24315 6083 3619 18670 9824
9975 7191 23305 5891 10067 6284 3352 10277 7815 9142 22996 11767 7760 1213 6369 5063 6916 20624 20489 14519 5874 7590 21306 4860 6759 23482 12119 4168 13529 9630 23035 16554 12826 19856 881 10387 24177 14010 12044 1578 7983 22521 2888 1391 4142
9975 16244 23305 3461 10067 20234 9000 17408 7815 7348 20021 24168 19874 1213 15786 5063 15064 20992 23189 7823 10288 4765 5573 4860 19094 4116 23505 14507 13529 2892 36 23403 17582 18868 485 3439 8996 1278 4513 15573 17115 2654 3561 10558 5136
18900 16244 9240 21299 23626 4258 237 12858 3345 7348 3845 24152 1624 7735 15786 16280 22274 15661 23189 23097 20314 10942 5486 1151 19094 12095 6690 19069 19723 17268 4429 10619 7945 21828 12202 5491 21570 24339 6420 13118 24893 2111 7902 16842 19522
11446 16244 9240 5356 14723 1138 19247 3985 1186 16014 6427 15061 197 22424 19405 16280 12821 23711 23189 12150 20926 18870 33 1151 8715 10136 7639 5020 19311 12873 6007 815 4354 2947 12828 154 21943 20548 20268 7469 14615 19529 2178 5294 23044
11446 20220 9828 5356 20110 1138 15615 3680 21531 2043 5068 18569 197 25651 16394 10209 12821 3063 14612 9212 13600 13640 8893 1542 16500 9462 20117 20999 12172 12015 6007 815 10418 25560 376 154 21943 5889 6029 23172 11467 19918 6099 3524 13875
11446 3681 9828 22873 23070 1138 12112 10121 15640 7373 8486 21805 4433 25651 1525 1249 12502 11091 3588 16145 13600 3534 10048 1542 15996 3935 9127 17234 12444 24 1724 13671 20250 16552 11778 16156 15239 13427 10242 11673 1299 17835 10594 23278 14583
867 2412 452 22873 23070 2827 12112 10121 9111 804 16208 21909 4433 5777 16954 11658 18601 12729 3588 3410 13600 18638 4285 16827 15996 7412 9127 3744 2735 16003 21193 2716 22160 16552 5536 17038 6511 13330 8785 12520 4779 12481 11395 2039 15632
13527 14761 18972 6669 21260 18474 13857 21771 6134 804 16208 12222 22497 24408 16954 4474 8898 22762 21188 16142 4776 15954 4285 12804 5959 17588 9127 3744 23689 13939 21034 16759 20233 12777 12003 15859 6365 13330 592 7861 9355 6631 6504 18420 15122
15022 8198 18972 6669 22235 18687 17797 20878 6134 804 14470 12222 8259 13477 7761 5756 8898 22762 17808 9372 3591 9743 22047 1912 21865 20559 16744 4971 11857 13939 24748 5743 15349 12777 4287 4079 24880 18457 5507 3252 96 10466 14971 24937 13100
22213 8198 8836 16871 20091 22373 2973 22330 25050 8406 4905 25656 9526 15902 13861 2684 19267 17909 25093 3623 16915 5948 1431 17968 14429 8296 16744 5778 14810 4942 19090 1734 13764 12966 3736 20654 22030 13307 2879 19971 9471 5706 17412 4082 6892
22213 11233 727 14850 2830 18310 15140 9644 8319 12632 4905 11327 9526 1964 18077 2684 24704 20575 21870 3623 3818 14894 9099 13894 18586 3607 8827 4151 10319 6143 11625 1734 17921 1706 17641 1371 2742 1712 80 391 11515 14773 7656 17431 22876
22213 11233 16385 23362 2830 8368 8509 9644 19287 11263 24993 11327 19063 20740 18077 1161 24704 8573 7397 2301 10318 18455 19055 3950 18428 5823 4574 16530 10319 6516 23818 7230 14323 9080 13762 12938 20166 11355 15539 3260 12668 24205 22642 14875 22043
8207 16376 14884 23362 5176 8368 8509 24278 6109 23213 3497 8794 13732 13008 625 193 4756 17773 2059 7630 21002 24185 2114 14523 18428 17896 22728 5399 3817 17944 13752 21790 14323 6428 18027 22748 4434 11160 1321 5274 3700 722 1392 20842 19256
13633 22381 4145 19557 17169 8714 19946 2005 10629 1649 20472 9545 25416 13900 23062 24097 4756 25069 2059 21122 18112 3684 23782 14523 18948 24644 25118 2517 3817 23274 10241 10868 14323 14149 8809 23069 6003 18886 6853 7148 729 7979 16290 3429 14432
220 22381 4145 23179 9365 20877 3373 2005 4057 25004 13881 9913 19689 6158 10782 24097 7915 21879 7799 14065 2185 1767 3405 14523 15754 20885 25118 15905 22251 5763 24243 24933 23672 14149 5904 20010 614 9257 494 7148 16234 666 7005 5152 5390
220 22381 25249 8314 2783 11930 21426 15769 4015 25004 10395 948 2995 3964 9179 18467 7915 20205 8970 17004 2419 23919 171 17730 23315 6434 9249 15905 2205 5763 15483 24258 12576 10829 8911 17283 16923 5735 20646 2701 13134 8217 2745 23893 18276
8621 11498 25249 8314 20803 7350 21426 15769 17903 15080 7720 4691 2995 18285 9179 3774 7389 23503 17963 22859 22878 24209 1752 18660 11805 10600 23276 9114 6343 10516 11801 7172 4296 10885 5333 10465 16923 12227 1065 18327 25488 8217 1957 11692 12066
25367 11498 5435 15901 15463 14041 1033 9298 5649 9763 24083 13866 8119 2556 10156 464 9088 19792 21194 548 22878 18773 9794 23805 23354 2481 16542 19513 17832 10516 1118 19686 22683 25535 7784 959 24143 6280 9350 5248 23123 16952 6266 23609 13905
25367 21538 15174 5199 5648 4067 1033 9298 5649 15714 24083 22682 8119 22317 10156 464 8258 23560 22973 6792 15932 18451 18204 23805 14788 1190 12650 19513 12072 12394 14143 21586 10609 3887 11837 11858 24143 6818 23265 2307 3231 23895 15525 315 7744
20252 21538 14218 19308 5648 15785 4468 10702 7839 323 4757 14821 24913 22317 10182 3891 10234 20376 14400 15066 2574 18451 24506 23890 5277 13913 3300 14655 9043 4269 14143 24035 14724 14114 18106 11858 4529 8887 8252 120 19576 4222 14809 585 18771
10763 23234 3482 19308 595 15785 4282 21592 20577 3359 20476 14909 8862 22317 4627 3234 10234 20376 14400 15066 6981 20237 24506 5966 22216 24316 9946 14655 20595 4269 12932 13217 14724 25067 4007 1938 14740 19361 9866 14764 19746 16114 2863 23629 21431
15213 12161 24989 22541 18199 15785 4282 21592 7877 3359 2471 14909 12641 2821 213 1867 21479 9475 18934 9361 2337 5494 20420 16383 5976 12136 17100 23432 17060 5834 3030 3714 20113 25067 4858 4310 17347 2499 6739 20715 25001 3449 6919 24944 15553
15213 10408 22438 22541 18182 15785 4362 23349 14853 22573 8255 14909 5162 22953 213 1867 24105 25386 18934 19031 12977 5494 20420 1173 19158 13091 15501 890 12069 5834 3030 4902 11308 22262 17451 8194 17347 2689 22290 21043 21549 4770 12815 5326 23675
3720 21736 18874 4409 9374 13911 4362 14459 15582 22573 8255 18654 21671 2041 213 2941 19933 25386 11924 24080 12977 18704 7340 446 10816 17479 14128 13474 13555 22645 18915 3417 11567 19744 626 18684 23846 3254 9674 821 19696 21523 14292 3664 15600
7074 14490 7990 11869 9374 22048 3925 13932 10170 6377 21568 18654 16016 7375 19905 17360 22885 9728 2657 10257 7449 24019 7340 22515 17563 18411 2303 8106 13555 11004 18915 18383 2118 3286 13253 9338 14992 12900 17728 821 22071 17707 12715 16173 10161
8523 23601 2521 16755 5420 16613 3925 12707 20103 7561 23668 18654 3339 12518 15337 6152 4816 17319 7937 2814 7449 24559 7340 18076 13862 24767 21819 9286 3259 17092 17748 4874 1769 5832 21632 18006 7208 1106 24288 14873 25569 14590 22437 8221 24358
3678 23601 19779 24737 25270 16613 3925 1504 22727 21823 25071 3624 10261 6666 15693 25057 4548 1967 16672 2814 8755 5336 8770 18076 10537 6685 10332 23667 3057 16820 18486 12375 8674 18306 15065 20360 10954 2685 19639 23427 23828 12814 10569 15783 12633
21826 513 19779 15006 10103 685 12824 1707 22593 21823 14362 11381 20797 23171 23758 11239 6718 1967 15294 13512 6870 20736 20351 4301 520 20850 7956 9608 17605 20988 13045 3920 15800 6886 324 10694 17580 13037 14309 6898 25106 12814 12646 318 8342
11760 24877 11499 16356 10103 20213 4670 20818 13981 4120 19868 18528 21115 7852 16972 11239 11953 14380 15294 7073 8070 20425 20351 4301 5618 6302 4395 6532 5163 21775 24280 5469 21203 24242 25234 22411 9705 17044 13354 15935 11068 893 17708 13177 10531
18932 24446 21627 15318 10103 6408 4536 196 5561 22774 11537 10079 21115 8762 4343 9834 14630 9681 3728 5784 21976 22033 107 17373 10606 14714 5371 6532 24210 19947 2867 372 21203 13500 22041 20825 20102 1653 11606 7615 4539 18693 7947 12991 6188
7003 3906 20009 10797 1609 6408 23507 898 5561 22774 11537 5079 21115 15069 4343 4486 10709 9681 3728 10131 8927 1583 10468 15439 611 1725 5371 20948 5135 20218 9397 9831 5546 2987 25216 12418 24884 9128 24563 22013 8719 15456 501 24536 9392
23320 7623 5878 23654 22284 8020 17763 898 25011 16477 3734 5079 19309 7810 6923 2365 10709 17642 24863 16943 11076 3586 209 15439 611 22198 12075 5393 5135 667 8313 10698 5546 22821 18974 5123 13509 9128 24563 911 17567 2373 21609 7139 4130
12780 24624 2600 11583 19629 15667 23762 23698 11384 769 3734 14278 21243 22538 20597 12596 3150 15838 13711 17845 11271 24985 18212 16222 14126 25638 11241 5393 14284 4585 10840 25039 16519 17796 2817 11493 18154 17063 24443 8916 14671 23387 14915 22362 20980
12780 24624 8293 17469 19629 15667 22012 23407 7209 769 18061 319 21243 5058 9146 12596 4471 13586 24664 5155 1919 21947 13342 21678 16108 10314 5134 5393 6168 10291 12631 7669 16519 15789 23607 13424 106 10590 7281 20871 21469 20568 17384 16442 2520
10128 24283 4754 17469 19629 3187 22012 18270 19851 20157 23159 22499 21243 2875 9146 9065 20368 13586 10197 20732 7757 492 6024 24756 3559 16294 23367 5752 18916 11250 4041 7669 20466 16446 9639 14857 12049 9635 25641 20871 1851 23906 16510 23930 8469
19649 24283 18650 17469 12822 16741 13221 449 23931 17772 18805 22499 2557 2875 25144 10804 14171 15048 10197 2408 7757 492 20403 21758 3559 13779 21543 14829 19192 8937 3137 2445 24854 17729 14259 14857 16514 25436 14075 22647 6053 5836 20023 5258 19395
7632 24283 14426 18009 23488 2737 13221 3967 23931 21244 10638 21027 381 16753 25144 10804 570 4005 10197 2408 20912 17146 3433 12998 1199 39 21543 1112 2313 5682 7280 1333 11664 19185 14259 4464 9267 10784 8680 20416 24161 23988 21054 2944 22114
