8666 11424 4687 2277 2822 13354 11127 15542 5717 12942 6756 20111 11327 3720 21578 3596 15996 13469 13047 16780 6631 20362 18558 1043 6328 19511 12084 21468 13032 5649 16077 6837 9993
2529 11424 966 2277 5485 12220 7773 6642 16287 16514 17971 20111 13 3720 8993 6069 6763 886 13047 16780 15926 13626 950 1043 4544 39 13808 14138 7487 11948 7996 18834 19781
6912 11424 2638 7165 502 12912 7773 7579 13840 20210 17786 20111 13 589 16762 1376 15255 19570 17979 17016 9139 19916 17520 18083 19300 3088 13808 14488 52 8528 5552 5698 7937
20909 20580 3750 21528 15317 14875 20313 470 20328 16725 6235 1508 7272 3938 7490 18162 13782 3619 4114 3234 696 7319 14493 11573 3776 3088 6666 2131 13548 7772 17900 18808 16860
6554 20580 15508 21528 21183 20662 7917 470 402 16725 10456 14692 4116 3938 877 18162 15511 5809 19118 15876 1230 1893 14493 13752 3776 5131 13768 6614 14773 14783 10173 9220 10108
9542 12140 15508 6428 11591 20662 7926 18504 10092 20573 15614 3965 18468 8139 17169 12566 4182 5067 18390 6287 8515 1893 5273 12759 3613 8953 8106 8988 6774 8438 15759 10015 2610
20897 6715 15508 9251 10186 14177 17415 411 13887 4914 9683 17037 19087 10252 634 12566 11581 13290 18390 13857 8515 14428 8233 21139 2679 3621 10706 18054 9949 8438 9855 10309 7472
3828 4538 4269 20423 14098 6690 17415 18507 20063 6891 9683 539 510 9245 1938 5530 12312 15706 18687 8719 15567 15229 16294 14790 2262 21232 19313 17095 18296 18087 21341 10069 3422
3255 4873 5260 21586 17443 8214 8837 15159 17804 6891 5941 539 9279 5645 21189 5530 5834 7875 18687 12294 4382 2451 4919 16805 12692 17784 19313 6281 21688 3717 18711 18758 20043
3255 19905 17817 21586 15293 1287 20385 15159 14916 6891 9992 539 9279 1684 11039 6685 17265 17540 12778 9881 17411 18362 15941 16610 16761 17784 2142 16146 20765 11021 6000 21278 5422
15698 19905 17817 5014 3178 15020 14841 15159 8538 12991 12272 8973 10685 11626 19649 19090 20207 17540 11585 710 14979 19762 5236 17206 12543 5881 2956 4377 17633 7536 10887 13519 18588
20715 19905 6192 15962 10909 15020 17551 17988 14611 12606 2488 8973 16034 8668 7730 18572 15901 749 5165 16660 21038 4032 18070 12578 5078 5881 17327 8592 18659 15725 5990 20483 8798
6935 10854 6192 15962 1802 14573 11065 10738 9134 13815 13724 20068 16034 5380 3777 18572 15901 9101 1923 5240 1202 12792 20764 5641 18415 19077 12879 19140 7565 16222 3709 1944 13812
6935 13621 6192 3630 13025 20538 5902 8004 4162 3620 5741 19198 17173 7886 10835 4599 15901 15587 1923 6883 18045 16988 19428 4874 6695 8905 3014 15468 10859 9119 3709 7598 20547
3031 929 12626 12384 10483 10739 10535 8004 11711 11498 17655 19198 17173 7886 10835 5469 10245 14275 15230 14134 5896 18241 16019 11390 21103 14676 6810 11226 6296 6658 2402 5219 14789
3031 18271 18771 235 13339 10739 17779 14505 19041 21622 14093 20287 389 16700 8623 18974 3989 18117 15886 468 5862 7264 341 8994 19333 14676 20911 4866 14901 4926 2402 15277 9979
8141 19833 2452 20348 13339 5300 2762 5922 19041 19400 2290 20287 2217 19506 21615 15778 13016 465 14618 15406 18355 17022 10239 8892 5141 6599 8501 7198 618 12672 14376 9706 20448
21462 10102 15076 20348 14304 5300 2762 5922 21023 16125 11834 6098 18102 8970 1762 10441 17171 465 2024 15406 5487 7827 12348 7882 5141 5750 19053 14184 16601 2155 21272 12346 15074
16042 8870 6200 18620 14304 5300 13779 8452 9667 16125 1982 16341 16620 7204 20502 12264 6247 19925 2024 5275 18805 2237 11258 12659 4321 20220 19053 15170 14810 13989 20134 16602 13676
17692 12418 6200 12310 21307 6674 12619 14034 7705 15096 1902 16341 16620 3163 8552 19224 6247 1093 1699 6664 10143 15783 15961 21665 10190 11364 9851 8572 8796 12316 18744 3181 3485
5353 19111 8391 12310 21307 586 16258 15919 7705 18238 1902 16341 7364 19498 11266 10841 14650 1093 1699 15610 5457 2816 15961 1000 16440 14305 9851 11369 9588 16528 16926 2105 8416
5353 3669 3121 7199 20503 20333 1295 393 8432 14112 4276 16663 12313 9068 11460 10841 1777 1093 1699 4490 13822 2816 1739 21225 16403 4024 1236 14927 3040 11837 18899 12110 5707
15551 3669 19677 11903 9353 20333 2504 2472 18691 15456 7205 9964 8938 3984 11795 9827 16745 4161 6155 21186 6759 8717 16255 12504 8960 8731 7180 427 3040 11837 21457 21676 11760
5509 3669 7823 11903 20206 17514 8243 16410 13636 7620 12019 5754 6908 9862 17651 17933 16745 9306 3754 4909 21266 8717 16255 14269 18697 10804 7987 3789 1367 19398 2584 11529 15122
18683 9565 5783 1726 2765 17514 18990 7606 13636 10751 12019 17381 21781 14608 299 4723 16745 20756 17774 2815 7434 6142 10494 2287 18697 7744 18280 2695 1367 6613 1384 755 49
16330 1765 21150 7885 2765 18628 13498 12158 8850 19912 5677 12541 1102 14662 10372 4723 14753 20756 16474 10292 1975 10468 17610 13126 15531 5702 16731 6676 10294 7980 1384 4289 13902
9594 20720 8130 17255 2765 1599 13498 12158 1624 20582 5677 11086 13941 18092 8765 1222 12216 20756 16176 9888 14938 18009 17610 16658 20753 494 20091 9286 18112 1077 5199 3396 15866
18629 20720 8130 21494 5500 16024 13498 14467 3214 13286 17612 5446 15328 9260 2989 12231 4500 14921 16176 11555 684 17065 8099 11075 15862 5891 10640 909 19229 17697 20728 21262 6964
18629 20720 11229 5098 13195 16291 14532 8151 13192 5408 4656 20076 10477 5901 13594 20018 14033 8090 15425 11555 10675 836 13018 16945 6941 10132 14635 12729 14071 3159 6781 13222 9836
18629 21668 11229 32 1238 9008 12031 8151 16164 5408 11641 21723 10477 3974 21368 20018 19156 8090 15425 16461 14178 14327 13018 4792 6941 18585 20411 16188 12782 500 2960 4427 1824
16677 8030 19855 32 1238 21152 17481 6313 21568 2654 16938 15630 14978 4852 10063 2227 11377 14338 5072 11121 21661 9123 6028 461 20116 5111 9291 5217 19401 17259 7345 13266 13890
1797 21228 4329 4378 6571 18275 838 18904 2419 14661 7588 2510 5490 8527 20215 14229 15616 9910 680 7061 6330 497 6095 7192 6104 7191 7562 5252 10080 17259 4830 9538 13101
10861 21228 1459 16592 13664 4023 838 4239 17168 738 10928 2510 6848 8527 17622 12981 16928 1217 11249 12570 128 3918 6095 3332 8752 7191 7562 12308 8566 15557 6601 5011 7186
10861 5673 1459 19753 8398 11792 21765 10007 19625 4725 10928 12905 14029 18721 4699 12981 7052 2075 11558 12570 15499 6948 13224 6654 9933 7191 471 904 9246 7801 21012 18743 19306
8150 301 9294 6178 10687 5022 21351 10386 6136 7757 648 5657 10165 12369 4699 15228 10624 2075 15450 15846 6785 20102 17864 713 9805 7191 3544 14673 7538 14869 1186 19895 16607
8150 301 5954 16134 14277 8885 9664 10386 6136 7757 16855 14388 9903 11011 2884 17629 10624 2450 15448 9162 6785 8826 5307 7690 10651 9830 3111 1763 1393 19948 15865 3230 14645
18767 6290 5954 5635 8395 4059 8857 10386 4749 20741 19603 20092 17422 6543 12448 15164 2108 3229 5513 12634 12678 7956 8959 16643 2550 12416 7526 12391 12844 11653 14455 302 17550
18767 19866 21187 5635 8395 5633 12650 18285 4749 13060 7463 20092 15162 2871 12066 20680 11803 20254 16104 12965 12678 5153 19951 9973 18430 15325 2015 3414 1395 6025 5864 6020 6486
18767 14444 21187 4772 8399 11416 6965 13513 8626 4773 2071 17051 4831 9121 3206 11000 2068 20254 4305 19022 12678 15206 200 6565 18430 19892 3498 2384 5867 348 5864 2499 7774
5451 5120 218 4772 587 11466 8563 9287 7816 4773 779 1379 4831 12781 16154 1092 19909 14241 1978 2589 18759 10332 1736 6565 15032 16524 14821 11524 15856 6890 14147 17038 19972
5451 13717 13650 13070 587 5479 8563 3588 7816 8073 16500 19149 17837 17178 21616 1997 7069 5900 12141 7972 10847 19086 11695 4381 15032 17906 14821 11524 17871 14758 14880 3767 11618
599 12155 5035 13070 6738 11580 7438 18221 4558 9575 12958 20461 17837 18575 8147 2136 21706 14162 2364 14044 1510 1838 17983 10872 10166 18174 10754 330 17813 2253 8907 8032 7015
599 2483 5035 21059 10725 18688 14137 1920 4558 6230 12958 1086 15217 1333 8147 18056 4606 856 5570 8133 17146 9066 17983 10158 15875 18174 13996 4925 15068 18887 19323 8032 19862
12451 2483 15889 21059 10648 17401 13799 12976 7269 17167 15405 1914 6794 18406 9780 11521 4606 16362 13824 2147 12325 318 17983 15123 2211 3213 15335 9488 997 17335 3716 16065 17375
12451 9699 18075 14687 18581 17401 21288 7267 10328 2559 15405 14858 251 7602 14442 11521 17728 6636 17045 10398 1170 4709 8291 15123 4125 11415 16031 9488 2985 20735 12400 21295 18153
17793 1203 7517 14687 18581 1091 18492 1669 2340 2559 10514 2426 14448 381 4475 3516 20217 10390 13204 9411 14905 21204 15972 5204 2413 21824 4011 14114 15848 2579 1452 18751 327
17532 6720 1421 14687 18966 1091 18492 10326 6319 9479 19318 2507 4271 15515 15449 12646 5916 17187 16470 15470 13633 21204 9244 10395 7299 11233 11052 3623 8308 11960 5488 18860 894
2823 20789 1421 2005 18966 8176 18492 107 928 7399 19480 13361 10072 15515 14340 17116 5916 6691 10399 2428 5666 18431 18179 3657 14499 254 21764 18850 8308 2444 17086 541 395
3566 20789 1421 2005 11399 408 14431 107 21530 17587 3755 2929 397 15515 15510 17116 1576 10756 10205 8476 1957 2841 3757 3657 14272 1241 21614 4318 9651 14738 2739 10995 14420
21165 16880 1421 2005 5496 408 15749 14335 8448 17581 12282 9397 14405 21070 7609 15994 1326 5909 11336 1686 15639 2841 3757 19100 20235 1241 21614 6219 5743 2454 4982 15659 18279
100 9449 20067 1327 5343 5999 18776 17329 1533 17581 4555 19629 11985 21070 7 17364 1326 20419 18855 20521 12608 4621 8056 21801 12335 21294 4113 895 7036 8498 2400 182 19707
6537 9449 20067 14881 5343 5999 18776 17329 2628 17418 4685 19629 13932 21070 4976 16768 1326 6670 2355 14568 5379 15397 9702 584 18229 14719 2360 5815 206 15964 3961 13485 16850
6537 9449 17035 21753 4079 5999 18010 12329 7960 7274 6938 19409 12073 21070 11832 16768 17956 8768 14122 17602 5832 19673 15711 1224 12788 2565 3085 17370 9284 8688 14341 19238 5175
19254 19808 17035 21753 4079 7239 11825 20393 7960 7274 14604 15923 12073 11881 15043 1096 17930 10413 13565 12285 15814 16344 16557 12210 12788 21362 3085 13809 2860 10870 5765 9585 407
5549 19808 5263 3028 11368 16803 13832 16445 20080 10027 14949 21647 66 11881 1651 1915 7948 10413 13565 12484 18733 8923 14267 9127 3958 10634 6234 14312 8992 3714 9202 7477 15601
44 19460 1416 18393 18576 12371 9200 4671 20973 10027 21017 13212 1913 17926 4992 6906 9188 7250 20464 20969 9636 8923 3638 10476 18635 17902 6005 8958 19775 3064 12776 11351 17291
18606 19512 1416 18393 6927 12251 17254 4671 3358 20038 20873 3342 1913 10719 4730 6906 15252 5189 20616 17012 3859 2783 7988 1630 15847 679 12518 2672 15467 6455 20100 4686 6712
18606 16667 21062 8189 6143 10335 4442 1119 3358 6764 9369 14202 4135 10383 20520 2500 15252 19390 13145 21408 21034 7297 6259 8942 10301 19263 20894 6135 15467 19657 1677 11515 17768
15273 4001 7873 21576 16687 15579 21432 5696 9006 6764 9369 14202 2684 4700 20520 7613 8108 5875 14878 21408 4146 2990 7292 17133 3539 19481 15724 21073 5158 10242 13054 6748 19825
6915 837 15462 9968 16749 12230 5964 5696 12496 14092 9369 8949 3456 13372 20520 20115 19532 14273 20576 4054 21670 3948 7292 8791 19558 12001 10307 18843 3540 18412 8805 1012 14561
6915 837 15462 16044 15295 10191 5964 6821 12496 776 2283 8949 8922 3507 7427 20115 6436 6169 10417 2267 21670 5038 14083 7835 5247 2493 14870 17738 8299 17378 19500 20109 3656
8049 7725 15462 10762 19877 11473 6268 3986 7411 16703 1105 9886 8922 17679 7427 21613 1735 20849 7413 2267 13976 1486 4714 18582 19896 16120 17352 7439 18451 11002 8751 6730 21399
11843 21529 4810 10762 821 11473 1663 3727 3791 7506 18948 21848 20218 20513 2312 13344 15660 5119 20381 16847 21118 5202 620 21315 14677 19358 585 10788 6540 2725 20810 2334 4799
7533 21529 12211 10762 6041 17572 2581 3203 3791 7506 2810 134 8671 432 11512 13344 11627 21550 20381 10863 21118 3380 17627 14235 108 21454 20370 17130 822 18051 938 3816 12811
7533 17482 20170 7474 13117 17572 13590 8263 12812 8842 14836 20532 15100 18765 7525 12401 133 15703 6646 3594 12333 6161 15438 902 1898 12882 3470 17011 822 16129 938 13083 12056
13879 18903 20170 7474 13117 16485 16343 17199 3216 11335 2189 9938 11348 760 7525 16813 14366 15703 13099 16122 11051 16815 4885 11644 17027 2734 5418 15620 417 13641 12515 1529 9170
6724 11038 11032 19747 16818 9656 16343 10251 12783 11335 12025 9938 2626 15989 16479 17238 14366 3618 10489 9602 19785 17251 4885 10408 17384 9717 441 21722 21496 13425 11085 4726 7992
21196 11038 4227 2182 51 5550 12595 10251 3578 13495 1986 6984 3494 6348 16479 1758 11074 12819 15686 4017 9765 16563 5786 15898 17384 803 19048 9088 9517 13182 2909 6 850
3500 9835 14523 9467 161 19373 13689 10251 20357 14710 1986 5581 9546 6348 8718 12799 2180 6577 2658 7712 1130 12943 8624 21483 9646 803 8782 1111 1724 15826 18151 19989 7655
3500 4101 3413 21314 10453 5856 13689 8381 20357 6942 1986 17075 9546 3520 11395 16615 2180 6577 14200 6783 16450 10156 8624 9511 14131 4209 753 16827 14919 8089 11320 20782 9527
8018 13509 9550 12621 4 409 17053 3275 9376 14680 14354 17075 13360 13833 11184 2557 2114 5232 3308 21486 12177 21742 8201 15943 3082 12920 15392 16827 7668 12270 21258 13912 4910
9879 17502 21543 8339 15832 20649 17123 3275 9376 21159 4710 9296 1026 7550 11180 2557 5566 13770 15688 20259 3446 11019 8703 16535 6015 14049 15392 5610 20997 20962 21258 18984 3871
9879 17502 16067 3032 15832 1768 16091 3793 21076 15537 4710 410 10017 4688 21443 698 10607 7356 8860 20259 20479 9871 11991 1601 3372 3756 11503 3650 11876 14516 2750 19802 5502
18605 16808 17248 3032 8866 1768 16091 21754 13830 21145 4710 16068 10637 13913 1145 20919 10607 12226 6481 10088 8426 12839 11991 16331 9301 16199 2711 1193 8646 591 13862 6053 852
16631 6940 17248 12927 14307 14374 1597 9392 18169 7746 9600 16068 2345 13913 1024 5644 13405 17506 13487 17088 18440 19003 4791 16331 6771 20402 5727 20061 6885 11598 19342 6053 10112
16631 788 9053 17576 20269 11763 1597 17929 2044 7746 12850 2288 2345 10416 2766 15401 12766 17667 7833 17088 11099 4521 5 295 21385 20402 11934 11947 19830 5686 21687 13133 16671
845 15655 7063 13774 7117 21699 1597 7667 14120 7746 4192 14038 14169 10416 7253 9776 12766 3050 7833 19741 10287 4521 6627 10041 21385 4902 11934 16378 19830 1453 15602 13504 16551
845 2145 17736 13774 19465 20422 16605 8305 9259 15754 10576 15692 14169 17263 16025 8781 14896 2102 5075 19741 16376 19886 6108 11601 6697 1743 17424 7125 16447 14350 10344 3195 4859
845 18428 7687 10237 17396 20422 5728 8305 8292 19178 7295 18154 3506 17263 16025 20052 10538 12506 1983 19741 17052 11999 2517 17739 17719 12289 11143 4313 14454 18047 10344 14839 10330
10801 18428 7687 10237 17396 19850 21130 3551 13249 12359 6059 20811 3506 21396 16102 3083 10538 9981 9482 2866 7387 21332 21238 11477 3753 7495 10536 11552 21375 18047 13864 4350 19874
19444 18428 16949 1300 18473 8721 21130 21022 3932 6610 6059 20208 2350 669 73 4968 4379 1269 20902 13140 751 18242 9247 11477 3753 13635 515 3549 15242 5034 10472 802 10803
19444 8378 2947 19281 20781 5091 2497 18444 7662 21205 6789 20208 10657 12537 8532 4968 4379 6397 20902 15352 751 18782 8306 5151 4741 13635 7437 17558 15404 16466 10472 905 8996
18930 6340 21021 8171 9615 5091 13049 2009 6442 13925 6789 14648 9854 15627 21628 1890 5974 6397 14188 4964 8025 14817 18723 15374 13427 4627 8282 3381 5976 3369 13034 15864 13394
18930 5827 17107 7934 5683 10244 3010 2009 6817 9402 6789 12947 4904 17877 20007 109 4569 14463 11508 12002 16642 9775 3523 2166 13427 4627 17543 14482 13640 9870 6256 8925 19034
11172 5827 8810 7934 6466 9381 5270 11561 2470 306 4903 12947 17862 3222 13564 9998 10419 14463 2897 13424 20415 9775 13523 19645 21645 12215 2304 10503 2935 11362 9105 18564 4400
9309 10310 8810 7921 3963 387 5270 19779 15879 306 4903 16225 18175 3222 13564 9578 11464 7270 2897 19713 6755 18233 14411 3565 11006 5308 7289 4503 6347 12238 14985 4731 20644
10886 10310 654 18066 3963 17416 1397 12755 321 2265 12263 19708 16358 9803 21160 15721 14471 10217 2897 16360 17961 12257 9609 7749 7258 17273 661 18442 17757 2311 16794 758 18155
13746 15774 3461 13473 3963 13750 13819 20610 18545 19216 4118 3995 7661 10845 989 18823 14893 17000 3300 3652 11897 4469 17256 7749 12040 15779 12961 15936 17741 20296 3503 17826 246
5675 20392 3461 10115 16147 16477 12829 16155 18986 17270 15548 6014 18289 12654 989 13041 10811 17000 11824 3652 20799 10855 6549 19813 21762 12697 4684 4280 8197 14846 11741 717 855
5675 6339 3461 19858 10357 16477 9878 11146 18986 13454 16190 6855 20705 11363 19475 16633 10811 21201 12062 16137 12139 4729 2560 3788 17923 11273 8883 5598 1931 10740 21102 11780 14621
8091 10555 12326 10052 5268 17830 12599 11146 10255 13454 18119 6855 18227 19024 15851 6034 1250 6949 14684 7380 11452 8773 18097 9149 15498 13655 10012 5087 1931 16349 5006 16657 9791
8091 5958 3661 21020 12120 17830 9348 13738 1373 13454 4752 16336 7582 16779 9033 17714 19011 16553 4634 1785 19590 5843 18097 1336 15621 13602 9977 47 21415 4575 2910 626 4300
19153 2135 8332 616 12120 16179 6997 13738 5770 13148 15362 12256 10616 16017 9095 15662 9528 13408 540 19656 16282 6046 12507 19992 21116 11443 9977 11802 17772 1291 20817 4014 18205
19153 2135 1965 18342 1214 17120 18926 9323 7643 13164 4939 13398 13193 14597 2012 17893 3628 2218 19622 3605 19516 424 1834 18942 2421 11449 12172 12261 8656 12720 18003 13337 17287
18062 18061 17112 18342 1214 14965 17407 10720 11246 13164 4939 20867 8921 16515 20927 2795 3628 8560 13933 11058 16981 19304 1834 18942 2421 11449 10361 18457 10556 4906 1880 18777 3685
12125 14926 11033 18342 1214 9598 20549 10720 2486 5013 59 1158 13109 18918 9226 17484 3628 3514 13933 11742 16981 20274 5808 5174 10047 8180 6586 18530 8735 1976 9345 7358 18192
12125 12980 7802 9920 20744 5755 19036 18267 16302 1207 1980 16872 13109 13198 21497 5558 10578 12444 5073 17918 17815 2458 11548 1350 7237 13776 20852 13988 14231 14494 9345 10471 9913
10935 12980 7802 9920 20744 11975 19036 6829 6049 12284 11455 17455 13053 13198 21497 5558 839 12444 17055 12134 15267 20698 20857 1350 7237 6070 16696 1960 5855 3641 11301 3869 18367
10935 683 20256 5077 4070 21066 2316 3721 13003 12284 11294 18125 1712 13198 7307 2728 839 376 18024 13411 21344 4028 11676 11105 10792 18543 13843 1960 3002 1822 15066 2096 8017
2667 21846 3168 5077 2833 19320 3667 14439 20740 11007 8780 18125 13332 10764 20273 8497 16233 10849 18024 9253 7088 7805 400 9974 1248 5342 16056 5836 18724 1822 1149 1032 9080
2060 583 4387 17115 2833 12390 6097 14439 9271 11007 10058 9768 90 6367 13722 8497 9891 2712 18024 11769 16617 14288 16759 3304 7263 5342 10172 2757 2962 10603 19473 17625 8595
14446 583 19376 2958 20787 12390 13461 14439 17399 14756 4605 11736 8174 16411 1366 11409 2263 7644 16992 11769 16617 11156 17471 13480 15776 11806 14028 14060 15041 489 18281 12970 15925
7230 17400 12214 18356 20787 13625 14536 17716 19836 10800 14240 14259 4179 3826 6990 10214 4883 7644 16992 2494 6411 18324 8902 13480 3797 16740 16413 15424 15041 14709 17945 5470 4261
19195 18883 14560 18356 13149 13625 14536 8698 13784 10800 14863 17922 4179 12874 10264 21054 946 7644 14792 8418 18103 18324 9367 5071 3797 13446 16413 13861 5948 20953 10122 3900 18244
19195 18883 8098 14862 568 3491 4786 14116 17552 15488 12052 19696 11129 12874 18488 12311 19339 13167 14792 9186 10098 6305 7590 5071 18898 1049 4099 18130 12971 20953 13087 8131 17985
17955 18883 1009 14862 554 8621 4786 14116 2296 490 15367 15753 11129 1044 8582 12311 19339 14707 2835 18678 10098 12124 2760 20137 13310 7727 4489 10090 792 18334 21695 4878 1483
17955 11244 4285 14862 6707 21501 6077 14116 4003 5253 1125 20665 18455 3278 8582 17208 15667 8820 18975 4343 3936 12124 15895 14223 5194 1132 18835 8322 31 19084 15836 17834 13273
9374 18018 4285 20066 20602 21501 6077 4478 7792 5253 2881 426 19392 14227 9911 12292 1746 8820 16785 4343 6111 21326 18091 13739 2274 21286 7879 9240 21252 19084 6445 15039 12260
8023 20325 9766 14504 15987 21501 20006 4478 7792 17571 18557 426 2106 9406 17989 16194 1891 948 5942 15310 6111 16006 12950 16285 5445 14898 13431 10641 20994 18254 1523 6800 16356
8023 18398 16049 20938 12733 3345 19361 17634 7792 18142 1551 15935 9085 4589 19181 8951 19429 6845 20529 7954 6111 7423 4535 16285 5445 3466 16259 17870 4826 15861 17198 15878 10565
2636 4398 10241 693 21711 11848 5332 20968 7792 11306 20240 11645 13491 21046 2051 19418 19429 6845 8313 21327 12347 13955 8830 2372 12160 5052 7019 9453 15952 363 20055 18802 4320
8916 3382 2998 693 18804 13213 17664 8047 7677 5632 12824 14001 1232 14222 15948 21750 6499 18211 132 21327 12347 1454 19 2372 4225 11220 19667 15696 21698 3624 10295 11091 7397
8916 2973 7293 13629 2370 13213 1793 13258 11592 16773 12824 9956 12615 1144 4524 7357 6499 20304 16512 6086 17201 4755 17454 13028 2168 10318 19667 17331 20334 1738 13392 20021 6547
8684 13281 18900 12696 19773 21651 15260 14638 4259 2948 11326 20319 11752 21249 11629 12952 8622 20304 4691 2840 21142 4755 15626 17183 10411 1572 13242 17928 6504 15010 11952 21512 16389
5519 11583 9182 19267 13773 7902 7403 908 4259 18208 9042 4470 5987 15389 3663 5050 12722 1411 10248 3071 11296 19251 6048 16359 15492 8580 15839 5885 6504 13237 16335 20488 5426
5519 11583 4588 3124 13542 18859 21498 21381 4516 18208 9045 20943 16123 6987 3663 7228 14090 4063 10248 14873 19472 19251 13118 5123 4376 11842 12896 7056 16867 4868 20309 8602 7912
14365 10786 2514 21209 15790 9210 5393 11308 4516 5135 9582 9670 16123 6987 13839 12095 14090 12008 20490 18625 4270 901 11030 857 3672 12861 15384 16354 5464 12902 4109 2467 13497
14365 17785 5143 11183 9762 17931 21428 11308 4516 17603 14764 12265 18540 17462 10741 12095 13150 5516 10650 13789 19117 18497 6671 857 20712 20150 16907 17635 2254 14299 913 9454 6008
18639 258 5143 17217 18483 842 12005 11308 14243 1795 14764 14911 7913 21431 20567 4993 12573 863 3879 18314 2885 18497 10731 8749 2578 7331 6151 15596 18359 16741 8407 9234 16414
13675 9611 16681 17217 1082 13759 13229 15296 6798 1795 3518 14911 8589 16173 20567 5467 11708 19522 17048 9985 15275 13666 7330 4837 4046 14834 36 1723 2758 3009 8407 16717 14956
17461 9611 17752 14054 2944 17466 14531 3296 15077 1795 19230 21429 8245 5226 10711 15155 9112 19522 871 14290 15275 20186 13311 20572 17221 8777 8008 668 2758 6338 8407 1542 7430
17461 9611 14408 14054 2944 1331 13482 13190 12319 6590 19230 21429 6519 13803 1731 20395 20910 8457 10596 1662 7596 5847 10860 7254 12575 6372 5007 18365 476 2655 6310 11347 15646
17461 237 15713 5685 11808 12361 13535 19854 4897 13579 19230 21429 5020 3823 18036 11126 1364 15387 11486 4246 19678 5847 5722 7314 12575 3850 279 10478 4402 2825 8095 8335 1382
18284 10807 2623 5685 4921 8500 13535 7173 6544 19694 20289 17516 9116 10635 18036 8928 8880 1658 11486 20525 12887 6530 13176 10649 20405 13108 21787 8529 4306 12580 17663 2040 3735
10760 4693 8478 15208 21193 8500 1282 20577 6544 11740 19301 10778 9116 10635 12121 6068 311 3722 21677 13553 9343 13472 13176 189 20405 5956 10821 12137 6593 15016 21419 9249 9988
7491 3901 8478 5766 21193 19520 1282 13730 18997 21579 12133 16932 6337 1541 12121 6068 6687 3722 238 7760 7671 15638 9848 15086 5676 2630 7363 1081 2587 11739 20226 20482 17083
7491 13669 8478 2002 7118 7329 637 13730 6604 21579 9277 14843 2299 1541 1545 7303 9960 4515 9143 2844 1339 17812 10218 19170 9491 15012 17789 16626 7134 21091 15370 4051 336
15464 18643 1208 17653 7118 2942 14786 21401 624 15081 19055 21310 11434 12878 15782 16596 7841 4515 9143 2844 3811 11576 12396 7922 14847 15012 16726 4865 602 121 3586 5543 17720
6384 18643 17507 17653 12930 386 14786 21401 13151 20882 1166 557 12914 3772 15782 16968 12964 8039 9084 2844 10123 7448 15176 10661 1318 10765 14232 12317 15588 8521 20724 6484 5828
8420 13500 7847 8763 15957 7951 9630 17164 9999 20882 2420 5101 15019 2837 7552 4735 9298 8039 9748 18580 5045 11679 18078 1187 1318 21513 7697 2696 4409 13920 922 15033 10403
3996 2474 8235 1351 7079 12016 19991 14254 9999 20882 19016 7646 10208 2837 7923 20337 9529 14791 4931 7200 17878 21637 2710 10529 7631 996 17962 15788 5421 13538 11459 6299 9263
1126 3671 20432 12252 973 1886 19991 14254 16375 3215 19016 18764 16533 14320 7923 15684 9321 14791 433 4661 4345 11569 8586 13441 20595 7924 385 1863 19289 20770 20096 15598 11882
17390 7535 20432 11028 1137 1595 19620 18331 429 11313 6152 18764 16533 2434 15213 6350 14534 14791 17525 4661 13960 110 8586 13391 14908 16954 534 3457 19289 9344 11696 13401 1620
1438 19653 2369 11028 12208 1595 11034 19541 1278 13447 5358 14742 11240 3087 15213 6308 21526 7603 5963 1121 15175 961 21694 18537 14250 7378 6971 7770 15269 6147 18347 18676 14113
7227 9731 2369 14527 13627 823 11034 889 21224 9474 10240 14742 10963 917 15213 3147 4898 17941 4958 285 10260 3155 10979 20011 16737 13439 11506 8619 9652 6147 17215 8567 9596
6932 12266 1127 15709 13627 3988 12796 889 21224 11013 14344 1391 820 14302 11866 2188 7089 2475 5996 4561 4373 5844 5774 4594 173 1323 8997 4083 9755 18055 10473 19970 3723
18445 16308 11534 5056 1883 18172 20843 15575 8910 11013 14344 260 820 1667 17150 2188 6913 14295 3117 8489 21502 5844 15956 11020 7780 12469 21683 2666 17724 4369 3467 13601 1060
18445 15547 11534 5056 20966 18172 17873 14623 1823 16216 1281 1113 820 5162 4459 13614 15369 14295 2624 9295 5264 4783 8328 11662 16710 12911 21683 2666 15874 17260 316 5474 767
18445 21233 19939 20796 14904 18172 10523 20745 14937 19104 1281 19249 18914 5162 17972 13614 20936 13971 3474 8633 8000 3526 8328 14062 16256 976 14671 13252 1609 4988 10816 9794 3221
4117 5001 7091 4692 13376 17600 1575 20559 17937 18277 7016 19249 16840 15245 11026 10742 20928 19365 17709 8633 8000 6388 8328 20937 16971 1524 20069 14543 7935 18323 18946 10770 14860
11394 17744 4131 17694 12045 16213 1575 11902 10262 8167 6365 10599 17174 250 11026 15128 10644 19365 2062 16136 16074 16542 18679 10377 4581 7382 5475 11723 15611 11864 2763 16970 2361
15013 17744 3277 5229 11527 16213 21461 8005 2521 1832 12671 11831 5614 18796 21373 20974 6101 19365 2062 14132 2980 18732 10709 19270 10000 6505 1468 6106 20090 9058 3166 9165 4447
15013 3782 3277 17457 2645 1851 7422 13521 8612 1832 10333 16229 8809 11360 21373 1420 21690 21776 4602 3271 16270 11271 16486 15478 16374 4672 5366 16996 16916 5256 17980 14183 18452
6467 3782 19496 9459 4703 1851 883 13521 8946 19006 11279 10054 3556 11732 1264 18665 9358 21776 6865 16201 16270 13313 11175 9468 5740 13124 16100 177 6381 18939 2567 21667 20838
20267 20424 13506 5241 4703 1851 883 13821 8946 5979 12078 20023 3556 10618 19583 18263 9358 11839 6865 8424 14506 13313 1619 13125 10735 14101 13835 8066 20729 18939 8405 21043 6468
5406 4429 18965 17843 166 13356 883 2171 7869 12221 1543 17020 12881 5561 15090 4328 17771 11839 21192 8424 15644 10233 18602 13125 3327 14101 16969 8066 11519 575 2896 19949 16057
9269 4429 37 17843 166 9732 12637 14842 7869 5771 17844 17020 20231 15451 8884 15477 10322 6038 20558 3165 2572 2681 520 2064 16564 4102 13036 11164 2202 17847 12645 13908 5191
9269 4429 8650 6788 931 4639 12637 10049 6279 5771 12088 16412 2576 20099 8884 17770 19035 16852 20558 17968 18964 14404 11612 2064 5664 2847 3445 15236 11755 1099 17362 16638 4719
13174 4429 8650 1713 931 8694 11471 10805 8814 15766 4025 16412 15751 13105 8884 2867 12688 19395 19566 6060 15198 9213 2505 6832 13556 8244 340 15236 35 9930 10317 1586 18276
16121 14989 8650 14820 931 2485 11471 10805 8401 15766 21015 1668 19010 3236 16645 19047 5520 3766 2333 14510 7315 10840 1535 16688 21829 8244 17085 1461 35 2902 10064 2107 2018
1856 14989 7007 9394 3348 2485 4243 15036 2934 17901 21015 310 19689 15272 21702 9142 21755 3766 4029 14510 932 15322 6863 16041 14722 16685 12613 4705 9487 1948 18146 3742 1643
1856 11343 7007 9394 5054 6066 4243 13432 16900 21650 4128 310 2432 15272 8028 16237 2917 15017 17836 3256 19210 15304 851 3895 17010 347 17444 10557 11566 4531 13157 16853 21655
9955 11343 19757 18699 6138 21383 4243 6980 19705 21650 6393 9057 6283 16489 1918 16237 13896 12556 19404 443 5817 14882 851 3895 13622 10730 17444 14524 3246 9618 15903 88 12677
2430 11343 19458 21077 1464 3746 18310 6980 3878 2680 6393 11982 8469 7997 8455 5250 13896 17713 296 8891 5396 6675 12996 14508 7945 3952 14669 2056 10916 21134 18655 3139 10874
2430 5882 19458 15127 12644 12094 21350 1377 19942 8908 20633 1229 9705 12498 8455 15756 3427 20045 6578 9185 4258 1112 13136 1316 17624 15772 14825 2232 4983 4038 9689 21636 12895
9230 1994 414 4704 12644 20814 6849 16262 19942 8273 20202 11081 20826 452 2178 14977 19507 5624 17608 1972 21333 1112 18741 10345 15687 19788 21151 12774 17723 3761 324 12597 12157
9230 8999 2693 4704 20400 4266 6849 12450 2659 8273 9262 11081 21378 452 2178 18541 3344 1888 1878 1972 19283 10978 19766 18947 19258 13772 481 8247 17062 4650 14583 18332 872
2503 4147 9444 5210 15168 7133 18195 21834 7820 2987 10427 14856 7567 9342 5700 5830 18391 20500 21354 11461 6842 951 13184 6740 19258 21475 12805 5368 718 19218 12271 2553 15573
3800 6723 18874 14357 15168 7133 12808 16863 5049 2987 10427 14856 15801 7126 9763 5830 20924 2850 6684 17564 8663 9071 315 6740 11123 17802 1687 19272 8896 3125 13282 15802 1825
18921 20668 18095 14994 8293 11150 15285 3733 21235 19110 19848 6401 17993 7126 5527 10026 4036 1783 3726 12760 2776 10224 12281 7185 11123 5846 1687 2427 4769 11813 20356 20093 7763
1632 3432 15138 14994 4466 11150 20364 644 2907 19110 19848 12156 16558 6669 15676 11333 8540 19724 3726 12760 2776 10560 14037 13268 11123 8846 17839 3829 3000 9001 20356 5758 8462
11208 8249 926 14994 1065 4879 12612 8280 14115 10374 9917 16584 6306 14787 16845 13043 11700 19828 17124 2562 3487 1407 9079 970 14160 2117 20216 6573 9677 3362 2951 9774 1568
11208 1436 3377 7316 18214 14252 14453 13321 15083 6255 5295 10099 6306 6177 7702 7892 11700 291 6995 17196 20920 1407 9192 7141 3675 15141 14769 11990 691 10574 5423 15073 13371
19607 13350 15595 8020 7570 5586 759 7904 3464 2100 20627 8054 19167 16050 162 16870 9834 9035 447 18533 15734 1407 9192 6786 4804 3261 9136 4938 1839 10574 15653 9666 6422
20398 16625 3959 13836 21675 5586 16475 6608 6650 1131 20627 6561 19167 4073 11976 12742 19030 12751 5604 15532 20139 17656 15148 14447 1016 21602 5762 15195 8173 4216 16621 17777 20496
20398 20769 4942 12047 21675 3975 19616 3971 3660 21748 20627 14186 14321 18519 11204 15733 19692 10480 278 4027 21516 17386 8547 9853 7174 7146 6141 8459 13586 8800 2524 12863 10150
17647 8371 18714 14047 21675 10174 13160 8034 5384 10925 16923 3571 14321 9090 1598 14666 17453 10495 20593 4027 17711 17386 5482 486 8009 7146 10525 18794 4284 15633 10226 17344 17026
11829 8371 8480 11525 21594 5019 13160 21463 1419 7301 5040 18667 15566 13264 6352 21601 17453 1819 12695 21002 7492 3536 18341 6925 2718 16244 6851 19221 20133 14830 10203 15018 13478
11230 14678 9711 21334 15888 10146 13160 9174 8711 7301 10960 6894 16540 13264 7518 12411 19214 21055 20925 7648 2967 14625 11786 6677 2855 5744 2061 15966 11720 7878 11138 18322 12477
14209 3493 1852 21334 15888 21132 12024 9174 4446 4754 6581 18124 21359 4740 2410 12161 7023 21055 20058 17338 19151 13141 1449 9692 2855 16650 1664 5733 8736 6833 12673 20293 17050
16269 3493 711 1296 5356 21132 18832 13335 4446 16018 15345 12039 16999 4740 7558 4542 4536 4022 11323 13345 5434 20955 1509 3193 16754 13524 14848 7877 9313 3902 4654 8251 10654
907 13248 12076 17003 19888 5142 8361 7376 4870 4940 2380 12039 7781 3654 15458 8599 14337 6081 9164 11950 5434 2656 5288 7336 20762 12012 17034 14264 818 10502 3475 14592 18073
9036 9223 4303 16670 20564 9915 2405 19789 11884 1711 2380 8739 20180 13129 15458 13409 14337 3068 3177 13838 11900 2656 20951 18604 11887 20147 7028 2339 10798 19934 15887 8932 2600
9793 9223 4303 16670 17508 9915 12564 19789 1873 4695 3175 5216 17021 722 5967 13409 14337 16523 4016 14656 7078 6185 9972 13203 11887 19202 7587 8146 6080 15381 15887 8932 19419
5108 2598 2240 12353 17508 14167 14461 11540 1873 18137 10647 8628 17021 1298 5967 5725 4974 16523 17207 4802 6520 14156 21545 17433 15089 6736 11968 2407 11283 5109 13194 13593 5179
18150 14907 2240 12353 17508 14167 2074 6881 1873 16482 8965 11574 13298 1298 2801 610 11290 3430 17207 12043 8828 3769 19804 3416 21426 7844 2686 14708 17428 10797 14605 9650 19260
12932 16046 7478 6500 7800 2412 8134 16623 5284 8912 8965 16507 5055 1413 2801 1693 7178 21839 17207 16927 8864 3769 9889 8477 19276 18353 14674 14779 6051 21136 6957 4365 14899
1767 16377 7478 6500 7800 18528 16185 9097 17565 14284 8954 6127 11319 10552 9837 1693 17512 2699 5883 8887 11914 6625 4277 8477 9559 18353 2003 8914 5962 14774 21298 7302 6241
20430 16377 19363 1084 20881 11277 16185 10883 17269 19742 2979 6127 9047 15915 8825 20524 9966 3629 5883 8887 11216 11374 5103 8702 10875 2246 17210 12185 16738 8918 19146 15679 930
20430 4078 15813 4961 20881 15896 16185 10883 11691 13358 13771 378 360 18335 4041 4314 21324 7484 638 3926 11216 10443 11913 13737 17087 21757 10884 14481 5373 10844 3820 7417 18446
20141 5878 15813 4961 15506 15896 5008 7884 9107 9257 14591 17319 360 18313 9777 11655 297 17 18951 974 16835 17397 12254 13737 3911 9873 7543 15770 9655 1061 16862 8835 3025
14129 5878 10002 14824 19887 12527 21673 6437 10360 20875 12739 992 1629 13251 17061 7396 297 1695 3703 6873 16848 19360 12254 1140 10381 2209 13919 15747 12919 8006 4264 8606 379
13422 9327 13691 21374 20264 6441 19559 7680 1949 9812 20759 131 1629 5290 1488 5184 297 1695 21109 6873 3688 19360 12847 19374 7791 1962 13919 10014 15833 4666 14586 18925 3751
6886 13261 5684 16655 20264 15765 272 14409 16192 16083 20759 14918 9242 2195 9034 16570 20949 11547 9404 8664 19005 4007 15984 20117 8065 916 6054 21618 3091 16416 18165 16532 5092
12727 13261 1293 1424 7531 15476 21051 15144 2446 13998 7373 6011 9242 20839 6911 12834 21649 21080 1968 104 16175 171 3678 9703 11428 9172 6054 12392 19297 17868 10100 15705 11567
12727 169 5134 16174 12675 3899 9128 20855 2446 21685 7373 6011 9857 5533 11961 12834 20123 18139 11232 2112 16175 20126 19282 5304 3875 9312 13740 10774 8338 13647 16156 20510 16159
11339 7235 10825 3465 9103 3462 9128 5458 9224 5325 15942 6011 1415 1521 16627 12834 12339 18187 875 7446 18879 10235 6862 14027 3875 13071 5888 4696 18209 9108 811 328 15561
11339 6587 10825 8342 9103 3462 8900 9714 3877 16099 20361 6011 1655 16095 16627 1798 16680 13079 9513 9802 18879 12804 40 4153 7009 7159 12719 11912 1536 2972 16390 17343 7848
9962 1660 508 10194 13033 8138 16193 9714 3877 9961 2141 6535 11402 14578 5868 8281 10554 14555 13448 9198 19101 7717 11102 9591 5481 12209 19852 6373 1072 21786 11444 20711 16030
9962 3495 11958 10194 10594 21283 20687 3897 19399 9961 12551 18177 13937 18068 6193 8281 10895 308 3444 12287 11632 4325 17339 11223 16690 16561 19852 8132 15069 10531 3770 21574 18938
9962 4907 11958 655 12162 21283 13363 19585 6580 11035 12551 17033 13937 1469 6193 7615 17548 15631 11858 3833 13534 20916 6476 13317 5381 19586 5692 3265 19443 11553 3921 12517 570
4690 4907 11958 655 7584 6408 876 19585 1539 14023 8227 13260 5508 10425 2205 13346 1859 1398 6389 4185 8068 21439 6476 5819 17957 3164 3363 1604 10921 21197 11590 21386 16251
20034 15860 12851 14518 7584 6408 7918 18623 19544 10415 6903 13260 15604 10425 2205 7637 10609 19065 7094 4185 5173 2991 5497 18156 6222 116 1554 4331 15773 17735 14966 581 20376
3276 15860 517 4076 21481 1089 7918 14781 12253 13457 4647 87 11919 21194 2205 14513 5880 19065 6976 2083 19790 12061 5879 4194 18641 1370 1554 18534 10405 7259 12756 5898 8722
17642 21514 517 207 16321 5600 1343 14557 6126 13457 16313 11988 11919 18286 14731 1858 5880 13490 5492 16695 12092 15393 5879 18522 10057 13969 12809 15079 15815 12831 3338 17718 18729
17788 8661 4724 911 8116 10843 6267 14557 3637 21019 16313 21446 18868 19487 7405 6705 7128 6806 19436 2785 20302 764 4934 11984 15965 11826 13347 10210 17353 3930 18379 15524 1707
17788 8661 11977 14061 8116 19245 16942 18787 3637 8284 16313 797 21133 19487 9194 15877 19326 21704 4252 819 2927 2541 3287 11984 9258 11200 2585 12732 19647 364 14175 4506 3940
18692 12768 20078 14061 8116 19245 16836 377 9056 5503 16313 8962 11100 12867 9194 7004 20260 21474 13183 4492 2927 16283 6879 4188 2414 16856 19681 6998 19209 1853 10582 11614 6513
18692 18915 5674 19839 2738 19245 16575 1354 14399 21154 10794 18305 18371 12867 18774 19494 6162 15910 11549 4492 5814 16113 12449 17176 20888 8715 2604 19633 11927 19502 15930 19803 11980
18692 6728 5674 8634 17409 12539 11944 21488 14399 5444 16324 4406 18371 5595 13557 325 15095 17887 10834 236 2140 12250 18880 15973 20888 15271 11112 18928 14833 2683 19844 168 9470
10832 6728 3273 4342 1433 7251 5187 13435 457 11218 3981 21536 19872 6678 13557 11251 6479 14369 18100 13687 2140 12643 11617 8597 12616 15271 259 7999 11475 580 5797 16748 4886
3324 17129 7895 9290 21097 16191 5187 8936 8348 11218 19103 17357 6251 1288 9485 8823 18129 8753 19150 4842 4985 13191 11617 8597 19959 21174 1742 4423 20771 10469 5306 3122 8464
3324 20637 4279 21845 19739 15190 5369 10068 10693 14551 9418 17357 4662 18514 7962 5023 18872 2863 20598 8677 4985 4368 14097 21292 2905 13769 5992 3505 7458 20340 2941 20677 3574
7429 20353 13429 11122 10990 3953 3143 5394 10693 15183 19521 19592 4386 681 16239 21736 1546 18320 9167 19715 9252 13985 21548 19415 7181 13769 17671 8654 10681 1848 3701 11889 1247
7658 20829 4613 13961 7408 21625 11375 21471 15732 15183 1752 19592 7742 4468 8334 18382 14946 2533 21279 13630 18478 5930 731 8935 12547 17898 6939 19665 5816 12440 4734 7282 16789
10663 20829 13180 13961 18526 6668 11375 21471 535 18302 12464 9674 4788 18148 833 10688 18689 12090 21352 21436 1951 9839 3734 2787 4598 21830 16672 8075 16232 15640 18943 874 11191
21129 15264 20726 8701 673 6668 12023 13780 6410 17435 4785 9674 20064 18148 20864 12223 5697 12090 19038 21436 18529 19650 3734 11637 6091 3286 3533 13760 12656 6282 20429 7515 2740
17310 15264 20301 18609 673 8929 16897 13780 13233 12571 6945 503 19981 13246 20864 11250 3697 8210 19038 12653 21691 16496 16929 17702 3436 17842 21717 880 12656 18853 12131 9975 16716
17866 20884 15291 18609 673 17948 6622 13780 2390 21744 6714 8541 15712 3807 574 15741 3591 12229 15735 724 21691 21735 7681 1999 14242 19993 1018 880 19344 14484 7372 11454 4889
18527 12457 2774 19807 11510 15417 6647 17999 18748 20347 16315 8541 15712 10144 10067 884 10900 13546 12422 15743 20344 20625 6830 632 21654 1803 13367 9462 10157 16207 15514 20009 10280
13029 12828 2774 12406 15981 1875 2468 6351 14265 20347 15804 8541 6331 313 17367 11605 13113 20278 11587 16649 20344 7899 11570 9166 6973 4657 3044 13714 10157 7362 5259 16807 12234
9642 2023 12318 5477 16165 20768 2468 10016 9427 7232 5886 7322 13040 7651 17404 11605 8289 16346 9726 10967 14427 2258 11570 2714 18217 19147 16332 3411 10167 14393 1079 6153 11114
16624 20683 20557 2729 737 20768 2468 11892 14637 15624 12934 11840 13040 9217 7731 18123 2748 13115 9726 17113 21565 18998 5328 19378 10334 10826 8400 14691 18287 6716 451 6153 21540
2388 20683 11299 5003 737 18194 2468 3160 14637 3356 2210 11840 6741 18950 5334 18123 933 7786 13234 4996 16517 4145 2455 9522 3687 14736 8045 17783 5689 10204 451 15921 7585
17247 11379 2922 4476 8795 21643 21410 12486 430 18057 11749 13415 6741 19615 5334 18123 6239 14614 8123 3192 7589 4418 19691 10667 3687 19968 11222 21169 16559 18894 20791 15720 12432
17247 11379 10846 19242 4679 12584 19387 12486 11992 18057 10365 12206 16430 19615 8423 14395 12491 10020 12115 3192 7304 17766 16491 14814 15268 18769 5795 2118 7708 1507 18555 14076 7894
15131 3379 7505 19242 4679 5713 19387 12486 11992 6225 7621 12206 14572 2036 5746 7647 14991 19190 9150 16555 8774 8653 2803 4566 1053 4550 8063 13928 20025 2889 17556 5535 11584
7571 3379 13865 19242 4426 16917 4514 18363 11141 6225 9906 12206 16016 18772 9135 12765 8456 2586 21715 13080 11367 17958 1317 6896 19618 1840 10619 1039 4510 13867 11010 21708 4265
13327 16957 7103 3647 21746 17152 4514 17575 17557 2726 10121 12206 20930 142 17854 2357 3385 7741 6007 9610 1967 6194 10620 16210 3119 11107 9564 10791 6012 13867 10485 13507 17349
11109 15883 16810 2822 17688 17152 15542 2301 17557 2726 10270 4674 21014 21578 326 2357 13600 9475 6902 17578 9461 20896 1043 3212 11451 1648 20866 2139 3737 13652 3825 878 10455
