2433 40 16968 262 5044 9333 15949 15886 11233 9612 7465 15497 13761 10570 16479 291 17389 2600 11140 13785 737
10470 40 16968 262 5044 17461 15820 15886 11233 17145 653 15497 17329 17879 6641 13019 17389 2600 14608 13785 14022
5485 15942 13090 262 5044 2347 8158 7406 14111 6859 4360 4053 17354 10584 9137 1639 8441 1352 2970 13586 3789
3115 9085 9029 14581 17929 15815 8158 3376 16291 5812 8252 13768 5742 3030 15100 6809 8441 14329 558 11022 14552
3115 9085 2625 15201 6866 1149 7255 16993 7120 10010 8252 14503 12443 10963 16091 4974 3311 7660 10210 6504 9629
14326 9085 2625 15111 6866 9478 15845 2443 2621 4566 12411 14704 13965 17886 1200 4974 3311 4689 9311 9415 3768
1052 8092 6819 8363 16846 9478 12224 2937 2621 17259 4970 17600 1548 17978 1200 16317 17969 7676 17947 9415 11011
15005 10626 6819 17486 3344 2179 15094 3383 17155 17259 17559 4153 7527 16233 4242 6963 10982 7676 7442 15881 9868
14344 13016 2019 14683 1545 2179 8642 13152 5058 5450 9658 17139 1470 14889 9812 3219 10982 12819 12303 702 1753
975 9353 15932 14683 15861 13339 8477 2828 5686 4690 8790 17139 5934 14889 14065 149 7702 13861 16287 702 2891
16897 9353 2278 304 6577 13339 14304 9800 239 52 6415 7708 1431 14429 14065 5875 3136 7742 1530 712 185
16897 10308 2951 5732 10370 13472 3896 13537 11331 11249 4179 3343 16541 14628 14065 1063 17661 10807 5682 12245 15598
6271 11737 2951 5732 10370 11474 6626 13537 1499 15220 12991 3343 10027 814 669 8623 8300 14573 1979 11916 2109
2186 16368 2951 6270 8601 14632 3104 14452 13630 8109 5010 10145 14011 15556 14623 4378 8300 4863 15912 4454 9435
2186 8826 972 13509 12510 5565 3448 2675 11585 8109 210 1475 13560 16458 13449 17605 4388 10753 11200 9741 12248
12524 8826 972 8934 6029 5565 1206 15688 11585 2041 210 6835 17694 10257 3424 17605 16451 1676 4639 957 7579
12524 7443 16404 10024 9992 9855 8065 13643 6147 704 11220 3946 15770 13209 2390 2820 2665 17146 11542 3407 4113
13498 17198 15046 10024 1006 14673 8065 5609 10064 7653 9587 3946 13256 3818 16618 5166 7636 15437 6298 4816 5849
13003 173 15046 13545 2508 14673 301 9434 16529 9141 11173 6622 17567 3818 6343 12508 4194 5494 8749 9123 4255
6755 13409 6145 4373 127 14673 301 12159 11305 6623 2748 15680 15897 3491 1615 8457 339 3103 15020 13383 14638
16223 15147 14500 10928 12266 16707 15934 3669 11305 801 12262 2854 2896 13082 16375 2946 14058 10324 15440 3222 6296
5448 16675 8535 14752 12043 1737 10051 4300 6121 14577 13425 8930 5294 10149 15213 13061 15836 4089 15440 4702 8160
15814 3720 13817 3541 17163 8955 10556 4300 137 14079 3837 15712 12117 1461 2265 13486 4367 13956 9179 10754 17294
15814 12735 13817 8208 17163 7004 8070 5787 9982 16303 3069 7311 5418 11108 8217 15136 15247 11599 7419 825 16739
6360 16019 7346 12195 9584 4070 12005 666 3810 16303 14684 9462 6575 5070 9684 15136 1972 13199 7419 4636 10846
5700 16019 7813 13373 16906 10856 17525 9679 316 12392 562 15748 6575 1321 8933 17175 10103 739 11740 364 13701
16751 14163 7813 13373 8105 5758 17525 9679 316 14866 9409 15748 15227 17244 4230 17408 15415 2445 12176 2462 16391
14467 4405 1425 7622 8105 10021 8316 834 13794 5069 10142 1241 14416 15000 4758 7684 626 2445 10638 10682 13534
4213 14411 9916 7622 7628 13793 5962 839 14001 2338 10142 2564 13102 3989 13898 2379 5130 4012 14243 9760 4245
14169 12752 743 11067 7628 7946 14383 7536 3473 17117 8005 2564 160 8475 7859 7178 2461 5731 6785 9985 13224
9239 12752 743 15512 14537 12692 9566 7536 10414 4375 346 1028 11772 1575 17504 7178 6937 9181 268 11828 3722
11068 5660 10364 15512 5982 4780 5035 11194 3391 13811 11774 2589 1740 13332 4122 11719 1602 16381 13557 2396 7953
216 6143 15007 10514 1004 231 415 9541 5785 13158 12402 8421 17976 13332 832 2879 2038 16381 10407 12647 7821
11345 4724 4944 11433 1004 4383 163 5293 13195 13158 7945 2528 6119 4085 832 2879 10078 6272 14280 15883 4459
760 16015 4649 5953 1004 15628 163 3864 13195 5548 6749 14269 5415 15714 6223 11105 5407 10572 2419 11582 1996
760 10061 2931 12671 15122 7081 15966 17822 10563 16530 937 17108 10307 15714 14926 1289 6166 7763 3355 3975 17734
3610 1121 9571 16268 15122 9076 2676 17822 8461 16819 3636 17108 12723 2984 12840 9243 828 16042 7187 7771 13109
8183 812 12186 3534 17253 4318 15127 2406 2906 16819 12418 17108 7574 12910 13949 5511 14909 4251 4606 12973 14728
15186 7683 12186 3544 2120 14390 10672 6193 5874 17569 13235 8794 7574 1485 15459 14849 8595 141 4606 17116 10899
13435 10869 12223 10212 2337 9968 6408 16032 5874 7487 13235 8122 15225 17539 3846 11793 5216 6746 7027 10471 16660
3969 7913 8327 1810 11846 1720 12900 12846 10013 8020 3326 488 4725 17481 1859 14134 15581 13932 9640 352 15002
13688 7913 8327 1810 5881 12996 3036 12901 2292 16824 9901 14878 4725 5989 138 14134 4604 7720 5973 3675 4998
15913 7913 3876 12413 5881 6548 3036 7127 7535 13595 9901 13979 11145 5989 17992 17131 12979 15184 8941 13476 12733
8943 3472 3876 12413 4930 10961 1434 13543 11143 10803 3112 9253 6788 15341 12422 15245 9298 16417 2316 10163 1340
8943 3472 3876 9159 4930 10961 4911 12863 14370 10803 17937 7381 9641 5192 6342 10946 9298 16417 13034 15601 2435
3538 10732 17295 9159 7823 16683 9175 6625 15077 10803 2576 17550 14072 13719 166 10946 5642 17884 8677 1449 6760
3538 4042 2579 9159 1320 16683 9175 6803 14646 10803 8368 4923 8754 13288 166 6113 7210 13695 14122 793 16539
9102 4042 925 9159 1320 2055 3412 11687 373 3754 9729 7054 4659 15274 4651 3602 4394 10551 172 1701 1896
2485 10296 11557 3097 16464 17078 3412 11687 14093 15787 8801 8329 2124 2199 15226 2872 7806 15310 4248 3556 16281
3151 10296 6696 3097 8709 17078 3412 8762 14216 12084 12319 8673 4972 2121 4000 894 2942 4295 3114 4254 17195
3566 12348 6451 6715 8438 7059 8001 10153 14216 14154 1827 6782 10002 15181 8042 10623 13226 7782 7364 237 3546
3566 15405 9601 8665 8438 4169 8910 10153 8358 15960 4515 10404 16803 1794 8042 17848 8704 14290 4071 8795 15039
3566 9940 7423 12841 8438 4169 17375 10153 10647 3286 4515 121 7403 13213 278 9685 2630 16678 4071 12206 17492
11374 9940 7494 12841 761 6276 1491 13311 11039 14283 1217 121 7403 8276 16413 10642 12438 1956 5573 6828 179
11374 3061 7494 6035 761 6276 1491 15383 15331 6670 5291 422 11528 5219 5085 10511 11332 10513 527 14968 2317
17722 184 7438 14324 16372 14967 11262 7192 15331 13353 5799 15890 4593 2833 8270 1511 5306 4224 903 5097 8359
7396 184 3872 2236 16372 12379 17343 3440 11315 13353 4495 1962 3458 13088 4059 1511 5306 4224 4622 13167 7644
7396 14155 16977 2925 15194 10922 16702 988 10569 8868 1312 13352 10824 13318 16248 3727 17095 13385 13429 11450 11245
2822 7957 17690 8877 9012 14196 7174 988 5051 13526 8904 10071 8539 14959 8044 16058 17136 12732 2836 8597 12091
2822 7957 17690 12909 9012 16339 7174 988 5051 17931 8904 9119 3894 14959 4739 13001 4705 1286 3068 4772 2230
1954 7136 17690 12909 16818 2536 11130 1378 7458 14179 8904 12607 7837 12640 8014 9795 4705 13531 10932 6211 3212
9962 7136 11260 4337 15052 2536 9598 13796 11324 12113 665 3705 93 5807 4198 15626 4733 14969 11677 11936 15135
847 5 11260 9000 1990 16284 7159 11026 3921 6853 17758 5068 93 14050 17782 6629 12377 8466 18011 4081 6417
3554 5 6045 11888 5094 10315 7159 7441 17015 15302 13716 5068 2398 9465 17782 5352 16656 868 3895 1030 13559
3554 9474 15483 13852 8975 16131 4315 2165 17015 15302 7701 4423 8345 3210 7267 15524 15347 2203 13268 4478 8147
16697 9474 15045 16229 1060 16131 4315 2165 12918 8114 13513 9718 10612 17941 13150 7843 3099 7760 11600 10435 9072
4357 8543 159 16229 1060 7954 12058 7666 12918 3078 12054 13527 8931 10607 15144 8272 11928 5604 12480 8729 11777
5936 8543 16327 16304 13078 8833 12058 11071 12918 3078 17592 644 584 6111 15144 1919 11416 16511 13893 8729 15525
16038 11162 14833 16304 4518 13181 12794 12835 17237 15502 8326 4386 17352 6111 135 11201 14237 5408 4561 10552 8617
7662 2928 14833 16467 2812 13181 11931 6073 10376 3743 1276 9494 13681 10620 14173 9558 14237 5408 9095 1258 10062
7231 15407 15333 2477 9059 5749 7952 15330 9162 3743 14282 16613 12489 10620 10356 9558 3612 2965 17579 2156 8464
2176 7709 14380 15666 5387 13754 16806 910 2352 6022 17068 7656 14764 6406 17301 10746 15396 14647 623 17974 5551
17412 8347 12667 10655 1327 14913 6512 7890 2352 6142 2716 7285 16864 10349 3711 10248 15396 17214 12648 5618 6797
15885 10719 12667 9433 16686 14044 4007 12922 11340 15994 2716 3978 17345 17939 3593 680 1843 17214 12755 15536 12097
16982 10719 3043 5667 17040 10083 4007 12922 15211 256 1839 15648 2469 1832 17310 12312 1644 7326 7617 196 3814
17560 10719 1933 5314 13310 10083 5531 7965 10679 3591 405 15593 15698 13568 3185 7052 389 7326 7617 7250 9271
10035 6405 5562 10858 13310 17696 4072 12256 10679 15011 7006 15593 17727 4616 3893 16858 5835 7326 2704 7577 4764
4882 6405 11949 2252 14313 9222 9633 10714 7163 13361 8071 15593 12077 12341 14640 5908 3751 2904 13945 1803 12853
4882 6405 11949 10533 734 1131 16921 283 7163 1540 3328 11681 12077 8357 9026 14720 16635 9133 8177 10034 9098
3891 14587 15519 10533 1483 7748 16921 283 1731 14288 7908 5259 7454 12778 2061 14720 6058 10860 14053 11144 10588
3891 10342 1822 13755 8496 6909 8797 17212 1731 6506 11118 5290 6030 2205 16133 14720 14202 5980 3148 6381 15176
2204 2558 1822 3335 2026 10159 10441 1911 6754 3795 9588 13590 2623 10302 3569 16760 2708 5817 5229 6800 14150
5014 1275 6033 3335 11794 2428 10441 8167 9006 2695 13433 15423 10958 906 11237 6717 5118 732 6888 11654 7795
5014 16594 3998 5905 11547 1899 9185 8167 14796 13721 10940 541 6312 906 14353 1192 5118 7961 9393 10998 16267
1785 12747 3998 5905 4457 1899 330 16024 4111 13502 1166 3633 11814 12926 14034 9914 12691 9997 3817 13602 6361
1095 12747 9317 1713 13554 12013 330 15230 15842 13502 3163 3633 1380 3086 9246 4335 12914 1763 17806 7483 14428
1095 17342 17434 15452 13554 8777 10766 15804 3527 4058 3163 2315 5353 12541 16179 71 10207 12458 5361 7483 11295
16589 610 3661 1186 7074 16484 7376 15804 14920 4058 1556 2315 5353 2064 16194 14550 8671 13918 4582 11438 12002
11702 15800 964 4209 7074 15595 13490 7564 12720 4460 10065 2047 16476 16920 11193 4197 9680 1869 9907 9995 13493
11702 15800 17233 4209 13265 15595 15118 13388 10644 4460 14585 4699 406 7595 9943 4573 5061 15346 3987 717 10189
1270 16891 5162 8234 1129 4677 15118 9378 10644 6156 17101 13044 13782 7427 17302 4573 12829 8525 1359 8860 8628
8173 12556 12180 8234 9143 9145 295 9007 556 12742 7934 11830 13782 125 6309 4573 16472 7712 14963 4612 10357
2142 12556 1099 9168 9143 17823 8542 1706 556 12742 7934 11830 7379 2714 10867 6901 15537 1410 9723 9277 7775
2967 8332 2643 16098 6649 17823 8548 4410 8902 6766 12240 13819 7379 11083 10867 15646 10787 8813 17990 9277 2778
2967 11161 17450 4900 3616 2522 8548 4410 8942 14457 12240 15779 4756 7993 6496 9666 15085 8813 9717 16008 8175
13757 9609 17450 15342 3732 4080 5955 12687 8942 3954 1040 7962 14781 3713 536 13440 1900 11089 9830 2448 5114
13757 13411 3850 15342 10823 14458 5955 12233 1020 11459 8219 9817 9230 14309 8923 13665 1287 17 4346 12546 2478
8052 8928 16319 8528 4139 1405 5955 12233 2629 8068 9670 4188 12798 8099 8923 7024 17446 13141 13326 15424 6065
17687 16684 16319 5506 5777 519 15326 1527 9832 8068 3181 4188 6924 2516 8335 13395 4513 6173 6839 14266 3667
7598 16684 17971 7521 11484 11741 12569 1527 9832 15314 3181 2718 6924 6423 2905 3116 4307 3605 3963 6863 1748
10368 7520 17971 14868 7236 17203 12569 7635 10278 5079 11955 2718 341 12937 965 14514 7083 15323 5207 4129 17439
14799 6578 36 2753 7236 6059 11421 14642 2888 16671 11978 16837 1174 9643 12080 17540 4523 3456 11027 5880 7840
8701 17838 7996 4673 17482 4444 8989 11909 14771 1363 11978 16837 1583 1183 10997 16787 6515 1567 11432 11674 6235
8701 17838 896 8136 5331 4444 8989 11909 2016 2202 6049 15444 6903 10170 11496 10520 14151 14523 482 14787 4971
12843 11564 896 8136 2349 3084 2210 13769 5146 15116 2094 15444 12621 6743 7955 6061 810 1953 7270 5169 13438
8564 4101 8606 8136 2349 11620 10033 7718 5146 7393 3656 14746 13344 3002 9407 6061 16590 17681 13011 5169 6157
17862 13293 8606 5795 8996 17982 17060 9329 12383 12495 3656 8973 14747 11725 3890 6685 3121 15624 13011 12701 13582
17862 3182 16018 1194 12298 14727 17060 9329 5883 10162 4745 8973 2032 7469 800 6685 15060 16826 14941 8579 15515
109 5128 2237 1194 7819 16500 5048 14509 10774 8893 14521 15615 13219 7469 412 1342 9656 4465 11736 14864 6126
6568 2487 251 11657 10705 16500 5048 1280 1088 8893 3528 14378 1202 619 7269 2743 12697 797 6745 9610 9411
16886 3984 251 3052 13225 1672 12555 9326 16296 12971 8900 17820 3244 498 12382 3231 12697 13095 2088 7788 16592
16886 157 7019 17510 15024 8888 4109 5446 14420 9225 17049 11452 3244 4466 14888 6356 11495 17359 2672 10639 4927
10018 9136 4883 14357 693 8888 4141 5446 3392 10740 17049 8915 10493 205 10449 2418 11495 2501 7203 10639 465
7716 15797 16294 14357 693 8888 11127 5446 17586 11998 4854 633 1966 12297 10449 3298 3279 8337 13631 16783 7171
2226 16927 320 15751 693 1150 8631 11398 17586 10259 8723 12494 1966 1857 3704 5637 13347 3594 4308 15546 17209
10524 15610 13881 7631 14099 5497 14744 11398 15803 11559 930 2351 774 1106 15287 4852 6697 473 4063 17533 12726
13018 10008 13881 7631 2439 8721 13952 950 5590 348 3190 2351 5492 15492 14615 3350 16833 17751 13189 14023 2460
17709 8019 4208 7631 4700 11870 17183 162 982 348 12362 13465 9681 12141 15159 8381 4558 11175 17413 5211 16323
10630 14128 4067 2563 4700 12249 17183 162 13530 1945 280 10023 14302 16692 15973 9597 12060 7086 2162 3098 7391
4763 14128 9987 2563 7025 12249 5613 15818 8170 10779 17330 17181 2078 8415 3055 9597 10680 10087 7992 4814 11860
16784 15747 9987 400 7025 7594 8707 13941 9094 8727 1351 9144 17207 8993 14705 16141 3902 17385 17077 687 13591
6067 730 9987 400 11572 7594 4741 7414 10771 8727 1351 10861 7582 12955 13179 7887 11735 16178 9169 14024 1963
11018 2178 16204 12047 2810 7594 15222 7414 6084 17716 1351 12913 355 13015 1936 8238 17275 10668 12201 3965 387
3229 2178 4710 2742 1022 8155 5715 7414 7792 6588 10571 3648 17609 13242 11759 8236 17243 4138 12201 8126 12072
4737 2178 1964 13503 4742 14294 17514 16037 16073 11769 14982 9625 17609 6095 11759 1716 8614 3934 1245 10789 13912
3162 11903 1964 14815 4742 97 14624 570 16073 10366 14982 7981 3582 8282 11759 17349 13283 6422 6872 7689 16416
9783 10147 14178 14815 2496 1743 10738 1507 7822 10988 13304 15461 9853 2517 13193 11468 13283 12118 17715 7259 4904
15656 10147 14178 12204 7881 359 5899 6929 14688 10988 13304 5854 10443 3146 13131 2498 6374 11286 10908 11214 12511
4107 10147 12316 12559 897 359 3653 6929 4270 13012 12896 5922 16633 6573 2774 12261 617 2884 10908 1645 11436
1767 16118 7462 12559 897 10310 3653 16315 14268 13012 12279 8258 1531 1939 7943 1271 14734 6950 10080 12447 2882
7045 1147 4680 12559 3357 11170 7332 10527 17852 16845 1547 8258 17269 4525 15971 14858 17292 6950 7425 11301 1718
16400 1147 13419 14009 7106 9613 7332 14884 6547 16774 1547 9553 11590 10028 2318 17598 725 13984 11445 10577 13910
17723 5240 6653 16292 7106 14574 12498 14884 851 6012 5465 14867 4718 10028 1622 1997 2736 13717 12142 2101 7811
17568 4740 13000 16292 16913 6904 3418 9335 13135 10933 16843 14996 791 5585 13127 10505 5546 5136 13368 9198 1136
1864 1646 370 10250 15082 9082 638 624 6521 5109 7196 16743 791 13416 3059 13096 15565 5136 16163 6057 11396
1864 7825 16827 8440 8859 3518 10498 16157 3625 3688 16899 9075 6191 9113 10335 3183 1877 12055 4297 17339 724
14291 8400 16827 8440 740 3518 15123 12558 6761 15927 17251 9630 4280 1844 9252 7295 15453 4761 8274 10996 2009
17283 1182 1243 16186 8162 9955 11169 5624 6761 10040 493 9630 11563 17248 4136 7603 1995 589 15043 13577 6125
17283 6240 5277 10850 9636 15732 11169 5624 17580 5225 3761 15004 17099 867 9443 14810 14910 17150 14190 14273 3586
17945 5476 5277 10850 9636 16405 3536 12978 12280 17769 17268 8214 17099 6116 12302 273 17501 10702 806 838 13147
12678 4343 6291 9345 9636 3980 2972 15257 1561 8293 9899 13597 14087 11394 4823 273 12154 10158 6247 6737 13147
12678 6407 10882 15089 16185 11306 1117 980 9521 3125 122 5072 17313 11906 13740 3480 3428 16398 8718 8848 8587
17872 7207 10882 17264 16185 16778 5163 10929 9521 3120 11382 830 14432 12874 17177 15339 3428 16092 2720 12651 9451
17872 14629 6467 17264 16185 12928 15028 10929 17392 6471 667 3601 9810 12874 5522 12982 16593 3471 17474 5307 13413
4830 9472 3775 7333 17488 10621 102 8290 2069 17780 12695 11086 11630 14689 5522 16462 15488 16358 9257 15717 14477
4830 8710 65 8372 17488 4510 7848 4370 2069 17780 9297 3833 4144 9727 3429 7256 227 1419 7563 10351 16502
5087 7756 65 7202 6598 6206 11708 15534 12986 9126 16654 451 11676 16330 6992 7256 139 13025 11164 11133 3697
13521 2994 65 7202 14430 6206 10701 11427 4266 9126 155 4403 6871 15033 4347 1163 15431 715 13636 12878 10931
13750 2994 15233 9564 551 15941 1430 15895 14185 16596 938 4403 10868 3608 8096 14465 15829 3135 2377 2619 9814
8957 12275 7252 3033 551 15941 8785 14182 15867 6455 458 4403 3224 6329 5330 10475 14165 11056 14846 2811 353
5262 17115 1910 891 3657 354 8376 10117 15867 9837 14102 10501 3276 13021 9773 9595 12868 14533 3016 2811 939
2768 17115 1910 13788 8629 1758 7357 3454 15867 12792 4229 9615 14639 5411 15756 6915 993 14533 881 16785 8557
1721 17115 1910 11731 17711 1758 7357 3454 6665 9355 17087 10313 11701 16144 6054 1087 9489 8626 4631 12433 8598
698 683 8130 6856 10855 15371 3811 15449 9313 10331 1989 2312 9696 11891 4903 820 13162 7142 14938 9010 8320
8600 683 8676 16146 88 9693 3811 9063 12401 1782 2357 6807 8077 3624 7885 7327 17388 61 14841 9304 550
15767 10990 872 16146 88 4554 4134 1452 3403 17286 9262 6807 5181 6409 16231 4858 10377 7865 12544 5029 15849
9306 2192 11638 5912 88 4554 9490 11013 9708 414 5482 5422 1927 10183 5705 131 4408 12575 16213 5860 15328
16362 2192 8251 5912 13172 12956 11930 11013 15081 414 12456 5422 9053 10221 4051 1376 10537 8588 3666 15511 842
14949 2192 8251 2847 13172 17059 10669 15221 6295 5469 12087 5422 6947 10221 14631 5751 2157 16534 17012 3273 9547
14949 13014 4898 12869 9234 3517 7850 7291 5022 407 4853 8635 7969 10345 1134 9902 2157 9910 16349 12582 4264
13094 13014 4898 12869 9234 14899 1208 15072 9272 9704 2918 5160 17319 5516 17089 4282 11546 5026 8137 2746 436
17905 4641 1684 10222 6605 14899 13907 14331 6582 7882 14014 6118 8228 14897 12478 13010 2786 17608 11412 8455 10282
17905 17316 1708 10686 11757 8043 11963 10252 16457 12029 11104 6118 3198 6190 8176 6810 14535 11713 14181 10847 15689
15050 322 1708 13302 6144 8043 1274 10252 5388 16065 16364 1931 14265 6190 9979 7119 15162 4660 3247 6944 5695
15050 322 4888 13302 6700 8043 1274 10252 8306 5269 916 574 14852 14140 10373 14187 5328 1492 7893 17961 16941
8856 10618 4888 11584 6700 16026 6549 8266 1833 5426 17257 6027 14852 10658 13766 9739 13802 7604 17908 12795 4618
8856 4497 15642 12309 11797 16026 123 6824 1833 4023 17257 17524 4263 12184 13444 6724 13159 11950 7224 771 7569
6444 5045 2636 6152 5891 6939 8420 5137 1833 9887 14717 6413 13731 17952 6044 15997 2546 3489 9224 8751 10944
4634 17120 6304 1520 14167 14028 8420 6217 10734 2290 10240 6413 5233 15255 1037 10272 12681 8478 16393 6787 9804
4634 16189 6304 16445 46 16236 12987 1949 10734 2290 10192 9516 7912 15255 12359 4909 15613 2802 2257 6787 4691
9734 16189 4132 5209 3783 4398 6847 2938 1119 12074 7401 15025 16744 15255 12359 770 380 2628 2257 6216 4334
9324 8035 12255 10927 4845 9361 6847 2938 3264 11196 4531 12828 16129 2977 2144 1204 5523 6684 2257 857 11826
11968 7998 2446 8022 10897 8431 1319 4456 15055 17076 4427 470 10831 2846 9033 9064 5223 13006 17438 15686 1697
11968 7998 2430 8022 11589 8431 13374 4311 17307 17076 7687 17728 14004 9540 15009 3130 1029 7503 2293 4464 13915
9669 17659 2430 15096 11589 16797 7839 4311 10531 15578 8392 8241 7322 3076 17904 15260 5993 9439 11434 5129 4999
9669 4216 1416 11742 11589 7273 7839 12898 11330 9731 8396 9177 7322 1667 2053 15260 318 11388 14802 3453 16492
7738 17549 17080 11125 9096 16001 429 4458 17334 5771 8200 9177 15961 11195 10987 8769 1368 14557 10174 6280 2368
17803 2775 17080 11125 16407 16001 10785 9150 16767 16389 16717 10671 4340 10258 11478 8769 11781 1377 17702 9051 16584
9174 2775 11761 13138 16407 17738 5617 9150 16767 7502 13971 13471 16340 3012 11478 2860 11663 9895 2294 7590 7857
16547 11690 6003 16597 16516 17738 5617 1876 12516 668 206 9945 5665 5687 8896 13853 8658 8095 1469 16201 11003
3912 12905 6285 8970 16516 8596 5617 1876 5371 7606 14687 17372 16670 10217 4485 1514 2615 8095 13323 9752 9240
3912 12905 15729 9263 6584 10560 5539 17523 317 13364 12849 4305 12071 11954 15120 7092 2615 1311 331 15641 12035
16122 12905 13574 2737 11363 13528 9325 17523 13980 16086 11270 14272 15236 4820 6650 10815 263 12791 1917 9004 15377
16122 1329 8066 17767 14489 1439 16238 14736 8550 16086 5791 17215 11897 5325 4413 9447 12423 12684 6606 2429 13378
16122 16264 10256 10768 14489 13196 17933 11219 8550 7471 5791 14873 5086 17169 736 1892 10717 13123 13672 2921 6567
11726 13628 4275 1516 2560 2535 6005 12048 10744 4013 6229 7538 4980 17169 17346 5520 1923 2201 16519 6386 16028
7633 7245 4275 1516 16436 762 10692 15826 6046 11077 10303 16938 427 4180 12663 5520 15545 14677 4517 6752 16507
2150 7245 2763 2725 14653 2949 10692 34 10559 14663 3141 5838 16300 4180 12663 10339 6200 13351 2587 10242 17036
14403 6931 16879 17199 14653 14602 10692 5792 13914 15608 9550 9740 9856 12300 3875 2976 13735 16382 15016 4005 16640
13186 6931 11277 9229 6608 164 12387 8383 1082 3131 8510 5478 7629 12300 2224 11098 13356 7009 6380 17093 12317
2987 7632 11277 11166 6608 16840 10088 3900 5851 10806 1570 10842 7629 17202 7593 8427 15930 7023 10223 481 14487
10715 7632 10780 4569 15409 8835 10088 8568 5851 6077 2785 5429 15006 17202 3575 5409 15681 13916 4667 6887 6306
10715 12243 5220 4569 10687 9897 7612 11351 11349 16257 2140 4668 10455 14548 3581 5409 13483 10688 10722 12185 9675
369 5391 5220 6412 6729 9897 8827 7149 11349 1875 10293 4668 14931 3828 3581 3559 10198 14933 650 10530 2106
11418 14693 1596 9187 47 754 11864 4033 11242 6175 17444 378 15619 5317 3581 3877 9977 8831 4044 6210 1103
15066 6497 10281 5115 8932 754 11864 759 4066 8319 17444 2085 5021 17760 11030 1032 7512 7849 14522 10796 16868
15066 6158 10111 10765 5102 6255 6533 13072 3050 13324 16114 11137 9235 13144 14839 5704 12482 548 13255 3258 7844
864 11052 8389 8139 11643 8379 14391 13072 2857 3892 12326 7566 9235 13144 14984 5704 12870 5846 13255 17922 14806
11849 6159 4212 8139 3853 298 2464 7864 2153 14905 12770 14184 3320 9569 4424 15354 15078 230 12566 8223 1315
6459 9289 4199 4755 13671 17162 2464 15555 2153 13652 12770 2670 3320 16069 979 15354 8960 8341 3909 7717 15335
6459 10728 4199 17616 13671 17162 3952 5205 8784 13889 12682 10800 10465 16069 979 11939 14205 11216 546 7533 824
10757 1339 4199 17616 3107 17162 10225 281 8784 13889 10188 4534 3027 631 14096 12003 10964 17801 12673 9519 12086
5692 1339 15780 10609 10268 15056 2824 13708 11471 3095 14375 15653 3788 8534 3548 12406 17337 17801 3609 17920 17443
5692 8036 15780 16521 7257 5093 10046 3402 8962 14275 7412 9539 4965 15027 17522 6150 9502 16139 9662 17351 5925
5692 11783 15780 7576 14349 13655 10046 3402 16293 8115 9745 9539 4965 14162 2143 16714 14377 5123 8102 9124 539
15802 1618 1970 7576 15691 9476 17564 4842 10224 7991 16603 12466 7514 9594 15041 2334 5377 5210 11258 15547 11562
3717 14976 1970 9011 15691 12470 5730 3880 10224 7070 17553 14443 7514 2022 13692 7871 2569 343 5479 1653 11197
12704 4537 15244 11816 10274 6892 5719 3880 3281 15462 893 13191 7514 4979 3950 14287 12182 6232 14030 14129 12026
1959 4537 11588 11816 10274 6892 8338 4399 6123 789 2033 11935 2729 5138 3950 16616 17261 6232 16004 14756 5813
1959 5228 15766 11816 2894 3598 11475 7065 12429 4492 17729 17293 10904 15167 16745 12200 859 11094 10890 11662 17285
10180 17045 15766 16696 5405 3598 6060 13863 12310 13085 13814 14821 9270 15167 2327 16276 6138 12760 14795 11662 2796
10180 5650 15766 1518 5405 16297 6060 5683 1402 7249 13814 1746 4064 6977 14351 7334 12685 13556 14335 11716 5672
9511 3307 6070 16298 6927 16297 670 9698 3740 7745 10294 1746 4064 6977 12153 7960 3019 4886 13888 9787 8869
14234 3307 12788 16298 11881 8056 11149 12174 9654 15293 1444 14957 8724 17918 17675 10369 1474 14906 9339 1299 14417
3888 11848 12788 16298 11881 11512 11149 12676 13957 905 1444 6001 9296 14041 4952 8807 1474 9356 4162 4084 5399
6907 4145 5612 1382 6816 11415 10598 8767 16031 699 4354 6001 9296 305 8621 14987 12608 5275 8010 6661 3
16221 4145 5612 6051 6816 11415 10598 4223 6893 17459 4215 6001 10047 17618 8621 3658 13927 15513 3807 16180 9507
16221 17589 9089 6051 6816 15795 6580 5919 5283 17459 4786 13309 12839 14950 7851 6170 11580 4039 3807 10350 6611
16221 10434 695 12432 319 4155 14435 5919 12719 17185 12010 13309 17710 16548 7974 5556 9437 5819 11553 13549 10557
5147 10748 4509 3873 7918 4155 12364 12578 12719 17185 12010 13309 4252 7836 8103 646 8485 13033 5214 13549 3940
4757 17665 5193 3873 7918 12190 15198 7073 16661 547 4429 11487 4252 16473 483 5553 5563 11357 6024 17921 6985
15299 3024 10138 2781 17733 17118 794 5713 16661 16648 6556 4269 7951 16394 13050 10472 2800 13690 4648 11354 1375
15299 3024 7368 4805 11399 16965 11498 13124 9622 1317 6414 8956 11640 15568 12194 14183 15984 11990 9221 17878 7356
11276 3024 13113 10177 13865 17956 3957 2409 5025 11489 9565 10911 9307 13436 9446 14183 17350 18004 16991 8224 11698
12192 11369 5786 8698 13865 13908 11235 10362 827 11489 1705 10911 1935 13436 16898 4989 9950 10783 5100 5458 625
17756 11369 5786 7793 11424 13908 3262 10362 3206 6167 3337 10405 1935 4655 5474 4550 7111 4785 12315 13519 233
15709 5756 615 4463 1641 16713 10936 4118 9276 5386 6351 11347 1544 4655 1459 4550 5333 17399 17508 3780 2606
16611 15076 615 2107 17384 17625 15692 4118 6010 399 6351 6395 5374 17601 6895 12273 15906 6591 6529 4049 16838
13617 15076 13396 1868 16842 17158 15692 15904 16334 9970 10942 13215 16033 7798 15031 14201 15215 4279 13155 13499 2968
7096 13831 1958 16290 12836 14929 3755 15904 10128 14498 2958 13215 13983 908 11879 14201 14139 1626 1574 13659 4214
1268 13831 12378 8046 12836 9455 3755 192 154 3249 9906 3444 13983 908 14971 8685 8188 13 11505 8460 11392
13896 6 12378 12745 16828 8405 6002 192 3752 17705 10681 9216 2634 9079 2463 33 3175 783 4079 16870 14569
4168 659 11642 12745 9751 1246 6048 14619 10848 6860 16060 16385 2634 11028 2463 14135 7470 12665 4802 6440 12050
6811 13660 11642 140 9751 8446 9190 14619 12421 10821 4568 3588 2634 15617 14125 12372 12403 15083 2575 12483 3308
6811 13035 11642 140 9300 3367 2881 7626 1813 5728 10862 9753 9020 2518 5939 16758 15411 6310 5488 11379 16343
10893 13035 10202 11811 9819 6546 11554 7626 5992 12346 943 276 12727 3712 5939 1845 8730 5311 13065 8738 15266
14944 6372 10202 10925 9819 7774 16894 8627 13637 12346 5619 11984 1656 12120 6283 5174 10004 8913 15246 16211 9371
13552 6372 10561 12479 13848 10052 8232 14711 3399 14066 1067 9171 1656 6933 132 16055 247 14061 12815 10054 2008
13552 6372 13284 2020 1266 6099 11847 11768 17235 14680 11669 17528 1656 6181 6363 4938 7658 13809 16641 17795 83
2001 870 10724 13911 14020 8916 8343 4326 2604 15369 16524 6938 17893 6365 4645 10237 11391 7824 4026 3854 3436
8328 870 10724 13911 12963 8916 10275 8436 3939 2555 10219 12512 6708 8023 12509 3827 3067 16191 14974 14814 8209
1205 15592 4587 14146 2305 14840 10275 9194 4906 560 9527 2 6708 7497 4918 14175 15399 6464 17455 14064 5249
10914 14973 13402 4895 1196 1932 8911 15736 6733 560 3867 8348 16078 6876 4918 2992 888 13829 16844 14211 10947
4507 6450 7694 4895 6362 764 3771 17194 5888 13512 10699 13607 1392 3465 4579 6224 16805 6195 13587 8064 9147
8573 2037 6347 4341 10104 11918 3771 3129 756 11393 5866 8061 8872 1123 16585 6224 4896 12052 13261 16101 8909
8573 12333 6347 4341 6498 3134 114 9624 17604 11393 5866 12075 10849 17798 6107 11085 3191 8992 3349 11132 3806
7380 9338 10930 7148 13815 11073 3838 9624 17604 9138 12066 9418 13091 17066 3786 11907 6184 8992 14865 4262 5904
2035 4500 17651 5711 15649 11073 17338 2592 14013 1761 2855 497 1897 7732 269 6104 6520 2710 17685 3450 11837
2035 15607 10516 2856 1145 3387 4195 12251 8152 1761 1909 7695 3535 15557 13620 9872 17489 15939 17673 1664 12754
5979 1703 15163 17796 10445 1256 1605 7614 8152 676 5434 15308 10123 5842 13620 7532 13064 10950 201 10916 16321
5979 8971 1686 17796 7699 11732 1605 1786 5784 676 5434 13611 3270 7883 2200 14871 9805 5384 14903 14544 1562
5979 11770 16701 2314 6500 583 12625 12885 7842 12162 12917 15435 9223 3483 17017 15594 2481 11778 13669 24 7804
9398 16036 1012 16666 6500 13151 4512 5385 13723 16924 7744 17777 409 12220 4366 14885 2266 13686 6136 15368 2955
15252 142 7551 11402 11704 12717 1834 11796 6595 11243 7744 5668 409 2759 4751 3883 6535 12583 6023 7670 14853
11885 6127 9759 3203 16940 4592 2070 11796 6595 15237 13555 4475 15426 1003 1691 5171 6535 9359 6438 3035 13581
8766 6127 9759 3203 8594 2146 6747 15727 257 7959 17882 8243 8845 5991 3956 6594 4283 6974 8434 2834 6088
10344 8468 14289 16383 4728 18000 2605 8417 257 13009 17882 4488 10421 8384 6773 12491 2145 2561 4271 3577 3278
10344 5916 2644 15959 4728 2255 9448 8417 17638 16113 5252 3040 1105 11696 12873 14769 880 17658 3937 5104 8195
11047 5916 17422 2139 4728 2255 3862 8417 17638 7987 5252 3040 1105 7489 12873 8060 3855 1688 6025 5882 5859
14003 4839 12235 2139 4098 2255 495 10043 10713 15870 2497 3003 14406 7546 10760 10082 14679 11019 2301 2889 5442
14003 14836 12235 13820 4098 1537 17695 6879 4884 17950 2497 1360 4929 3331 5586 14341 12295 11569 8127 923 9287
12374 8816 17768 15307 2185 5670 17695 9117 7555 17950 11291 9560 2123 15205 12741 14792 12856 11712 6093 13227 7484
17222 11755 15058 12414 6389 16909 17695 7472 11176 17950 12147 16168 15742 17746 15214 17691 10606 17697 11447 9259 4417
5295 11755 15063 12966 7818 17125 449 16867 13570 14808 8203 4404 10980 8002 16728 15718 4975 10625 15827 6639 10231
5295 9861 15063 7369 7818 12127 13319 6681 4127 10467 5783 7766 14031 17395 16728 14049 8448 7781 12404 9111 14045
2081 572 11608 3329 7818 7011 8016 8391 12894 17004 17996 7766 14651 17784 4950 2333 6338 6137 11333 16496 2331
12168 6794 1647 1573 14373 7011 14468 10201 12894 16096 1341 12467 14651 11031 6770 7995 1787 9750 9220 5264 4249
2040 8903 13868 15782 3382 50 14468 7770 9515 16096 4469 17273 4035 126 5779 5748 3925 5447 15034 9039 12603
2651 8903 12618 4508 75 6843 13824 11065 4769 11822 431 16866 4035 13533 3170 2899 17547 1437 8346 5917 2407
17855 5432 3410 5236 7157 8664 7830 7217 4769 11822 431 17242 4035 10059 14875 8870 15668 3386 1592 17100 9445
14252 11886 1549 9706 14263 10254 12699 4977 14715 14160 15819 4527 9461 5083 16801 15073 16137 14822 594 7000 15908
14252 648 3988 1693 17192 10254 13093 9873 14715 14160 15819 4527 9461 5083 108 15073 8603 15677 1563 7371 12833
3073 8571 15156 5472 17192 14927 17624 17241 10108 1454 8428 773 17178 9896 17880 10764 4345 3878 1563 14601 15643
2215 12172 4953 6877 9537 2930 17624 11350 11612 14120 14345 10683 15792 1942 17880 8312 10361 9457 9530 3481 10456
13281 12172 4953 463 14078 9577 2740 13727 16978 14120 2059 4320 16836 15561 1802 4943 8949 14051 5564 12207 5313
1089 12172 14779 13651 14078 9577 158 10617 1772 14366 10003 10496 6231 14807 4784 15564 12389 17398 5564 1957 8680
1089 7262 8184 7165 408 12646 11941 16639 1772 14366 8997 12958 6231 12502 4925 5975 5893 17464 17836 7126 6636
5133 11587 3660 7165 16322 8491 13679 17109 16624 17863 12439 12958 17002 1642 14870 9199 14606 12972 9551 1620 9450
11348 17449 1594 16206 7904 16951 13679 17109 14083 17863 5203 11234 7260 1541 3702 17042 901 13462 537 12959 6079
16411 1424 1044 15793 17968 4870 17762 8497 11035 8750 5577 3414 12092 1541 3702 5558 10839 16926 17035 12959 11246
2154 4057 17588 6458 13538 5921 14230 8497 16604 5502 787 10605 15958 14879 6897 9066 5009 5524 10968 8702 14757
4119 11805 17588 17781 17005 5921 15683 8744 10951 12385 787 10605 13743 3773 15866 9066 10799 6324 375 6330 10711
14364 15397 8149 17781 5182 12497 15683 10260 10951 575 14327 983 10907 13762 14361 9406 5318 6526 3164 3785 16885
13059 3800 14189 5745 16461 12497 12827 10260 10948 7378 10905 16159 2240 8652 9796 2289 14545 3006 15309 16021 9880
4934 3973 17173 3102 14568 18009 225 11233 17611 4993 10905 14995 3304 8652 12101 15540 552 7088 10741 8394 16746
