12382 3903 4806 13066 11686 8227 9318 5706 4498 2686
12382 1035 54 10945 11686 8227 1733 12206 6841 9449
664 20 1957 12485 5269 13612 5225 8519 2476 833
664 20 1957 3590 1300 13612 14160 8519 4709 6838
4149 10809 6597 3703 194 133 13089 1430 5787 4270
5513 10809 2332 13206 12536 13698 5363 3353 150 13448
4122 1800 2332 12621 13868 13698 9331 547 4689 11973
9640 13904 10180 4585 7133 6511 8272 3639 11912 678
10059 13904 7885 13603 14019 6511 990 1362 2172 1364
5919 6131 7885 13 3338 12381 990 6236 2172 8424
13598 1911 10936 6731 1638 3416 6655 11229 8813 7701
13598 1911 1445 8088 5224 3467 2158 9621 9948 870
2236 8592 12766 7316 12855 5606 2158 13655 13741 11680
2236 13200 11210 7316 14055 13481 3709 16 8528 5581
2236 11165 14154 7847 1586 11268 302 11880 12508 6605
10606 3790 1973 12229 7700 6626 8833 1589 5657 4932
13116 9323 5859 7852 7472 6626 145 8293 5657 10903
13116 3312 5859 7852 5385 6626 12367 12727 12510 3439
13116 9085 639 9929 12759 452 3568 1709 2492 3028
3570 9085 12427 761 4070 344 9437 9935 10773 12607
3570 8570 2137 761 4070 5882 5289 2260 14039 10388
1788 3445 8361 761 6319 13527 10772 9854 4069 12796
1788 5380 6818 10114 6319 3869 10772 8202 7464 8927
1788 9260 7297 10114 6319 473 11528 5722 13327 9237
6542 12852 8499 10114 9388 7357 6196 6892 10239 4230
225 12852 11271 5680 4221 7357 6196 6892 1092 12132
14057 10506 11271 4780 10512 9603 740 6445 3167 4486
14057 7785 6796 7775 320 9603 12729 3401 1807 4638
14057 6295 12183 9723 10963 2925 10027 2946 8975 5887
5102 879 12183 9723 10963 772 4484 2946 13746 4633
627 8893 4886 6326 10963 9462 2574 7621 10276 7202
6436 11349 10838 2224 3870 4039 3442 13060 12989 6242
6436 9575 9805 3704 8937 6672 5325 5679 6044 1506
11026 7484 9805 3704 8937 2881 9605 9559 10290 1157
1597 271 9805 11533 8937 2881 11098 13417 9750 1385
2371 9141 2938 9092 14100 13040 1532 13417 8546 7530
2371 11200 8764 8797 6932 6664 7359 279 6562 13452
8720 11200 11859 8797 6932 6664 8324 13252 7889 13554
11482 9892 687 11246 6251 13779 5550 2238 4269 9660
11482 4197 3510 13586 6251 2042 2775 7194 13810 12572
13376 4197 3510 10538 5251 8729 8440 2019 9363 9278
13376 4197 3510 11270 6030 11924 3957 7674 408 5370
10375 5696 3510 9070 4506 4583 4813 7674 408 7394
9227 5696 13818 9070 8441 4583 6088 4232 6624 1613
5681 10409 10005 9558 10597 6099 4885 4232 12243 13496
11834 8066 803 9558 12772 7210 10071 9505 7419 13412
5294 7040 11049 11591 3791 1196 14139 1995 2685 2724
4801 11735 9943 6722 1701 11597 7078 13057 6870 10026
12359 11735 1693 14153 5694 5474 12267 2359 3566 3581
12359 12575 1693 2572 8955 7982 8006 3631 2248 7008
12359 5230 5518 12936 12193 8645 4527 6205 7222 7008
9772 5230 13494 11835 12193 4628 6524 8794 7222 8856
4416 5230 591 3882 12193 12250 6216 13666 409 13418
5056 8767 1511 14059 976 7692 14126 4442 10692 11780
11315 1554 1511 1455 7937 7692 9591 967 9792 8951
14012 3178 3813 1455 9113 11471 10273 1429 9978 9683
1328 4782 453 17 7808 5379 3695 9507 7331 11794
1835 4782 19 2160 7808 2772 3217 6345 12520 6333
311 12702 19 2646 11317 12893 3217 8878 5654 5644
4930 11133 12225 6178 1413 5106 2648 750 3599 3545
7717 11017 11693 5734 10496 1767 2307 11706 2322 6509
7994 1467 11693 7966 7643 6051 489 2762 5071 787
7994 11776 10706 12633 6557 1940 5871 8313 3204 4328
7994 12832 2497 6922 2273 9638 12737 4554 3204 7433
9233 10094 10884 6922 4167 9638 26 960 3204 12612
6419 10094 5869 8057 1766 12860 10669 11193 3162 13831
10933 7498 5869 12821 9425 877 3640 11193 2125 10921
12363 4749 10177 8130 4395 13247 1560 7902 1558 3430
6675 1614 10177 8130 4395 6517 1560 7902 5265 11258
11146 8523 8247 7990 7854 13114 2478 4513 6634 12754
6018 13576 744 7990 11559 5641 2478 13193 8942 8829
9834 13576 11326 3376 12429 13131 13295 4847 2811 1898
1657 13576 4332 2156 4507 10573 4124 4847 12231 1898
2934 3317 3683 5364 12075 4950 11320 13792 9073 7557
13173 1088 214 257 11335 1829 11320 6657 13731 1220
13173 9375 8276 5846 7503 1829 3037 14140 7256 4614
1269 12764 8276 11033 7503 5558 6965 10029 7580 9222
10833 4030 2384 11323 1195 7087 10631 3933 741 181
10833 13155 2384 6809 1195 5342 10631 4496 5058 14170
10592 3508 9952 4998 11936 11388 1256 4938 6043 10657
616 1261 4896 7075 716 3536 3722 4817 2502 11746
12722 1261 948 6411 8356 4624 1106 3351 1159 13288
12722 1261 12484 11159 3470 6082 392 3351 1360 6276
5306 505 12484 11159 3470 12283 12685 12491 5487 6318
7423 505 14078 10449 4501 2980 443 9739 4263 11905
7423 2437 8836 8287 5885 952 12305 9706 4263 11978
8733 1125 5078 8331 4681 11911 8823 4251 4263 8724
8733 7413 5078 14156 6571 3702 3378 4251 5769 6493
12941 1050 2702 6593 6855 6646 11112 6742 13749 9272
2443 10783 2702 6593 1816 7598 2767 13892 7253 13011
12396 7704 11909 2915 9115 11676 3758 8360 8059 10827
12396 13723 11909 13847 771 11676 1184 1784 2933 10528
9641 5051 5383 2110 4065 4292 11184 12456 5732 3297
5266 13624 10272 2110 3540 13105 6518 12399 5732 11651
5266 11627 7764 6980 3540 7809 749 7819 4 1843
8032 3811 7764 6980 4929 4450 11762 12651 12876 2448
4841 6833 49 2496 4929 1422 7798 7111 12949 6481
2514 11993 12176 2496 2044 11634 5874 13156 6320 7928
662 8785 12176 2414 4201 9931 5874 8401 3575 873
3492 13159 1238 1377 4201 9691 11336 5495 13669 873
12856 13159 1238 2818 3591 13642 7869 13570 12094 11742
6392 2266 13000 2818 8637 6647 7869 9944 1963 11995
6392 13539 10186 5227 922 6647 11401 9944 12815 8623
10004 9963 10186 2077 922 10653 9623 5175 12815 13024
6592 6529 10186 2077 12983 24 12559 1533 2186 3412
8458 6529 9066 10422 11103 2222 4634 10425 2494 2065
10248 11396 6026 7024 12146 9869 3942 1559 9282 4281
10535 5773 499 3849 13563 10877 469 685 9282 9308
3484 10594 5130 3849 13563 2261 469 3222 13379 9308
10115 10594 7886 3849 10688 3765 4427 3222 7665 5140
10115 10594 7886 3849 4086 6822 4688 7060 6686 9872
10894 10810 3584 2122 455 3186 8718 7089 11771 9872
10894 2856 11096 13345 10298 3186 8718 10651 5553 1103
1387 5253 2302 13345 10298 3186 8718 11379 12879 8285
5067 2668 8992 124 11099 1158 12819 6881 858 8648
5067 5934 8992 9840 9506 2803 5721 319 119 2199
3019 5934 8992 6831 4733 12083 10056 319 2084 1232
3019 13264 4750 4627 3283 3932 10331 9570 331 8668
12650 10805 8490 3459 13086 11826 14018 7383 3519 4419
12650 10805 3288 3352 6188 4476 13953 12150 7387 7246
12650 1840 3136 9885 6188 5115 13361 2910 6741 4958
5422 5764 13453 13199 308 315 1582 7407 2759 3956
10907 11611 13453 10174 2463 6840 11541 39 14114 8905
2113 8690 832 1625 2463 5436 6669 5701 8142 4710
2113 4233 832 12580 11774 4246 10868 12370 10829 2941
9552 127 832 6720 1567 6189 1704 2306 42 9625
9552 13285 4607 6720 904 2896 1704 12783 11816 11773
9552 792 7337 6720 11156 14047 9889 8047 12849 10876
12216 10782 589 3681 8315 12610 6223 4829 6480 8659
13971 10782 9058 8264 73 2375 6223 2283 3740 13609
5584 13610 1033 8340 10955 3273 6275 6202 6508 4680
2416 1941 8423 8340 10730 7981 5157 6202 12781 1391
1623 615 887 8195 11769 7981 13984 2955 97 6077
1623 610 3801 9843 3302 10779 13984 4851 12106 7734
1623 610 11675 4668 1126 1389 11747 202 6969 599
1623 7696 10240 4668 1126 1389 5080 6952 10860 4392
2808 5620 6070 12777 1961 1389 12605 7953 11931 10246
7745 13318 10701 11544 6696 11918 9830 13620 9566 9565
11758 13318 13475 13220 10244 2005 13833 9910 11990 9565
495 9404 5173 7131 7341 6371 13833 4473 8197 10249
11865 10443 524 143 1710 6946 10436 7455 4366 4373
11865 9045 11636 2878 5858 3228 3921 4674 10018 8070
11891 9045 11636 239 508 7537 11522 6918 10018 4058
781 1837 11678 239 508 13130 8157 5261 9490 456
2250 1837 11034 1292 8854 6080 8157 5261 3029 5190
2250 5855 11034 1292 8330 9729 9160 13027 7147 1644
2250 11981 10364 411 5243 1537 13827 7289 5129 646
2250 2720 12622 411 7434 12488 10368 7289 6232 1606
6960 13175 12622 4927 1985 10402 9972 7289 147 4629
451 2038 3010 8299 1985 13835 6905 4032 11170 4011
8410 9928 13197 8685 1985 13835 7035 3155 11170 1403
630 9928 4793 8685 8465 5839 4504 3155 3140 7150
10433 6725 9376 4216 8465 2380 10380 2485 4242 9671
7262 11658 6579 4216 2845 10346 9556 2485 12968 3200
11899 11658 11667 9539 13332 2057 1881 2485 5501 6040
11120 1299 11667 4298 2488 2911 1881 1119 4185 3414
11120 6115 9096 7642 13195 7318 8828 3751 11828 3008
6694 759 1109 12951 2370 9474 13791 12771 9531 10623
10562 6988 5862 7257 2370 8089 7362 11809 11725 8595
1795 11030 9047 7257 11213 11564 10916 10142 12773 7278
1795 6727 13861 8112 1516 2165 1488 3908 5777 2959
4720 4669 3060 9646 5413 5419 4144 2311 13191 12671
6683 1998 954 4809 5519 12784 924 11050 3619 3211
9057 1998 4445 4809 7392 1684 12247 11050 7471 12357
8949 5336 10263 5580 7392 4021 6307 8289 6876 361
8949 7249 5763 5580 7392 12248 6307 4301 3862 9153
9832 9365 10299 8234 8761 13621 13867 9476 8271 13837
9832 9365 12822 8464 1792 3090 5844 4611 13719 9072
9832 1936 7841 8464 9993 9361 11964 9385 10171 2996
13967 1936 3710 8505 9993 94 11067 14146 11594 5747
6812 10509 3710 5826 11752 12972 8801 5782 14122 5337
13238 1239 2268 6019 11752 12972 7709 9358 3931 11817
7977 1239 8323 6019 2948 1987 6081 10588 11234 3945
2120 1827 557 9939 10845 8306 12906 13724 11234 2075
9412 7160 557 9939 5439 8306 6474 1938 5968 8147
9412 6561 13560 8082 13112 13859 6526 8865 623 1715
7182 13787 8846 11940 2665 6636 5962 3625 7541 1235
7328 13787 7741 11145 6477 10172 11615 11808 7541 4986
2871 12523 6317 9802 5196 11343 6706 10755 8318 10323
3187 12711 6317 11509 5411 11343 10196 2070 8277 10073
8208 10348 10387 4916 4808 11343 9266 13528 8277 5070
7355 10747 4283 2111 5959 11343 12597 2735 8277 5107
7355 5677 7303 8556 2515 6100 70 614 5731 6735
940 4387 3374 11233 2515 3201 6691 5061 13102 9481
347 4387 6452 4814 4157 6277 521 7391 9441 4928
5231 2184 12234 2802 10352 12587 11674 465 5454 11966
5675 8298 11802 8804 6083 6668 232 675 5471 788
13211 2468 12798 2687 10371 11015 6684 4637 2296 6209
13211 9555 12552 5985 13242 793 8799 1557 2129 3679
7965 9555 12552 533 12566 4317 1525 223 6695 1650
7965 2527 1660 1062 3888 6050 3327 5369 10951 9543
7965 4564 7376 1849 3741 9901 8638 6525 10951 5060
8212 8863 13373 195 7323 9901 2247 676 5237 2988
1619 8863 13373 195 4843 8053 4584 676 11001 10593
2221 8482 12064 6708 4933 2175 2790 10295 13922 3423
10055 8482 13262 6708 6229 12418 12430 11943 13922 5794
2401 3810 13262 9655 6229 12418 12698 9386 1108 10587
2899 3810 757 6448 656 7683 13480 12110 11850 2649
13917 5970 14101 9541 3472 9147 5126 5446 2851 919
13305 619 14101 9541 9325 3648 6680 6937 8325 3464
9044 619 6659 7139 13219 4067 13997 10338 3 2086
13636 11216 13775 7139 13219 4175 13882 10338 6909 2313
7045 9679 3600 7689 13032 4175 7888 12789 3588 2725
10641 4804 7944 986 13032 9199 11490 7926 9602 9019
8962 4804 12008 5093 13036 5554 6801 6435 6395 6769
8962 6997 12008 5603 13036 10744 4773 9470 5138 9722
9524 6997 9212 5603 4794 13632 7824 5176 9851 8117
9524 6687 9212 12125 4890 6413 10636 5176 11858 10684
7286 7140 7110 3422 12290 12619 4857 425 3435 1485
4845 12433 13757 13985 9105 2940 4905 1653 1383 7987
4845 336 10293 1689 1609 7120 11020 5019 4569 1622
6303 64 3988 2757 8311 5672 4520 1745 11540 4391
11716 7858 1956 35 3794 12151 11256 6670 5059 11344
12928 7706 3308 35 14058 13920 110 10268 5524 6994
13986 403 10560 13251 1697 13920 2744 10268 287 10359
13986 403 10560 13251 2701 13259 6766 2877 8022 4574
13986 3876 2615 12900 2701 932 1740 503 2813 3613
7461 10789 7940 12900 7797 5018 11866 503 3276 7196
350 7141 431 1189 10556 1781 12469 4099 4305 2636
12020 13520 8772 822 10556 8935 1068 10089 10482 1711
313 13520 2138 6613 314 6104 9135 11231 1674 6391
3490 2752 5864 13378 10345 6104 6256 11231 12455 6829
3490 715 2337 9263 11508 3503 7686 13911 3279 11225
12614 8670 11761 10629 7241 6311 7686 12553 2633 6850
6644 8670 1327 3970 7794 3183 6439 379 2633 12991
9382 3346 6601 1207 11329 13187 1854 10091 6422 3972
11666 1417 6601 1207 10415 6069 1082 11726 120 553
12025 8577 13582 3062 5449 13919 1397 8364 120 5328
7381 5119 1645 12956 5110 13325 11453 13936 13752 1732
3830 5119 13174 12956 13289 1084 4596 7184 12 6135
2519 9890 13007 4407 273 1084 6308 8255 7287 6746
7499 7941 6553 3923 8487 1656 6308 11518 10628 7230
9808 9217 1882 9612 12682 1656 10702 4140 10251 1251
11214 908 141 3747 2565 4623 283 5599 5958 9177
11194 1519 141 3982 4279 13977 12188 11904 8103 6522
11194 6385 4368 3982 926 8855 4304 4701 9472 3372
11194 6385 164 4243 688 10370 4650 7753 11418 9894
13436 10610 8096 13803 10485 4452 7773 10820 1608 7620
5715 10610 1680 13803 10069 6802 5246 6420 10204 3828
12326 10610 4873 12717 7552 6641 12649 546 6222 3786
9590 5024 1498 9370 7552 7839 437 831 7134 6897
9590 7735 13648 816 1411 5684 11475 5285 13692 4365
9590 4659 1478 12952 8602 9403 6883 4195 11908 219
1052 4659 6193 12952 2556 2748 7142 6105 11878 14024
10024 4659 8998 2483 2556 12495 13884 2616 1394 8263
10024 8644 1458 2483 7467 11027 690 6747 7099 8591
2729 10407 1458 1879 340 11027 690 6747 731 12078
7815 13538 3085 8840 13595 11027 10360 293 7526 8094
1351 7590 12191 8249 6127 8627 13863 724 3023 10968
1351 10799 12191 13970 13754 2107 13533 4235 3023 13272
11123 11907 12023 9129 7090 10527 10584 8496 9973 5509
11123 12402 5259 2141 7090 10527 10052 6956 11883 5783
13466 6896 5259 2141 6073 4177 10052 8717 11440 2784
13466 8730 5262 10908 9185 680 14004 8717 5890 9315
9150 5529 5262 10908 3450 2542 8072 2291 2914 3278
3074 5529 1873 12497 13812 4865 1753 12631 5500 4248
4437 4331 1873 6397 13812 7759 14052 12631 13825 5212
4437 6633 1873 10565 1446 766 1632 6057 5489 13396
3736 6570 7802 5631 3349 1848 13776 4125 5623 8922
12751 6899 11626 9466 1514 11313 7311 982 7497 8025
8279 14165 737 9466 13712 10228 570 2135 5020 2801
8279 14165 1487 13326 2309 9304 11357 4400 6863 3219
13383 14165 8268 3387 13601 1322 1121 4707 6863 53
11882 14093 13954 3216 2017 11532 1121 284 12142 5521
5323 14093 8214 1128 8869 4516 11361 959 3656 12490
2422 12674 2900 2002 12823 3385 11361 1113 1344 4987
5052 8191 11741 2002 10828 3272 12667 11839 11718 9012
1305 3537 8115 2002 10572 3272 12667 1669 5254 4204
13054 3537 13507 3553 618 7416 13647 12691 4493 1867
12576 5098 13203 3797 2259 11183 6247 2581 10578 713
947 5098 3907 7652 14000 357 13508 2727 4151 7984
3655 5098 3907 625 10159 12544 6715 12148 14067 12688
2560 1769 3907 8459 441 4871 3424 11795 4348 8134
6574 4500 1167 3616 3158 989 13209 2130 12070 951
5270 6267 138 13888 6031 821 13512 9618 8758 11537
4758 12043 7169 10187 40 3547 8706 4931 8758 1556
7920 1076 11456 669 11539 9909 8706 12887 9468 32
7920 4915 13581 669 11539 1870 1023 386 8862 13822
8542 4915 6917 669 7707 7929 11054 5622 3426 9032
6109 8986 9253 14001 7707 6714 6431 9337 8600 3151
6109 5434 6248 12417 12313 5512 696 1155 8600 399
6888 6466 12293 8900 13144 3901 6853 1155 3342 6724
10225 6466 13085 1720 8030 10464 6853 13333 10191 8014
11967 8246 1595 1763 4388 10464 8515 4900 10048 2508
11967 4964 3724 2258 4388 10001 14171 10752 6134 4635
11267 1257 180 380 8359 10001 13983 8684 1156 1601
11267 7151 11838 9994 4440 13819 6361 8196 12939 4679
13668 7221 7486 5945 4440 13819 12129 10037 12939 5711
13668 8003 13153 1376 4318 13819 7968 4406 1051 5050
7657 9647 7129 3016 12859 1029 5236 4655 8429 13136
6756 5006 121 2450 108 12850 12095 2039 5720 11003
6756 5006 13215 7877 108 10559 3309 10990 14090 5860
2227 8590 12838 4461 4882 7031 496 10132 12930 4491
2227 2819 11488 5798 3305 13678 496 6136 9286 8366
1203 12258 6774 7054 3305 7468 9584 7887 865 3253
1203 12258 6774 7054 3489 3949 8640 13662 10044 6065
12098 9670 3878 896 3912 9545 8398 1974 13094 6819
2295 1211 5813 12924 4913 7132 10761 1605 8038 12278
2295 1211 5813 10863 12219 7737 1796 10523 6732 529
13875 11567 12668 10863 5805 1348 7402 5797 2228 1054
12131 11567 4820 12415 5805 3199 13561 8876 2089 10113
4653 8554 4820 4642 1967 3199 224 13006 6388 8635
4653 8554 3694 4548 11934 6837 8334 6321 1137 3457
13866 7606 10312 2132 985 1287 8334 6321 8391 4323
11708 5440 12778 3978 985 751 762 12006 11992 11089
11708 4973 12778 8852 10087 6914 10229 9571 4603 3101
1008 11786 12778 8852 2183 9081 8321 7207 11614 5359
1008 11786 6530 1803 10693 3241 11713 4051 13633 11204
6804 11786 5994 1803 5153 5845 11448 9156 11073 11705
7452 661 3444 10169 5153 2205 4888 9156 8291 1539
8871 2525 9189 11150 11433 10274 4888 442 10173 9866
1164 2525 7187 6880 6750 7412 11218 6501 7123 8874
8769 14008 6324 4937 13522 2973 11218 9344 11337 3396
8769 1635 13447 8582 13522 10725 129 2773 243 13883
5038 1635 4156 8582 13522 7265 11300 1127 13128 13641
5038 1635 10176 14044 13123 2943 2847 8122 13730 11812
5038 5514 13320 14044 3670 2943 8010 2579 13730 8257
7803 5514 74 6910 136 686 2693 5124 1229 8450
3856 2531 11581 5374 3773 9833 6280 7746 1229 10231
11589 8233 12756 7333 6108 2607 1209 8337 11868 7521
13514 8760 9051 363 6108 10978 7371 6406 6150 13063
13514 3779 10266 3143 11367 823 10416 12618 9428 6931
426 10614 6754 10697 11367 823 3250 8269 4355 10930
643 10614 9937 13335 808 10046 3867 4334 10699 2317
7153 3330 11930 10722 5682 9159 7198 11040 1110 8954
9416 11345 8824 388 10892 1895 4828 12321 5085 5329
10654 56 5833 9409 9798 1895 9270 14066 2722 9059
134 12515 10897 10621 58 5005 13478 3549 7925 12297
134 12515 8284 2362 2604 13504 5169 10363 6072 5073
3001 12515 8284 3538 1821 13781 10859 3781 7042 5248
3675 12515 7656 3538 12474 9342 13966 3781 7817 13246
3675 672 3284 11294 12474 2554 3798 3149 404 4683
9109 672 7875 1016 12696 10777 3798 1181 2101 10190
13676 11729 7875 7403 4234 13978 5371 2861 4098 10190
13676 11729 2364 6755 13269 9550 5371 7022 4098 4054
13594 12403 13058 2191 8021 6086 8190 50 2986 6611
1510 13991 3038 4961 11014 9923 12021 50 1628 936
8532 13991 5906 4961 11745 773 12554 4557 760 8574
8742 5433 12812 13619 11745 773 7193 3689 2548 8574
3434 2730 5407 6426 6 773 11986 5883 6368 10958
7283 2730 5407 820 6 7083 824 3316 9170 6906
4020 10866 13237 2883 6 11715 2092 4899 4891 9659
12791 10866 11707 11455 324 11715 9319 9086 4208 9194
12791 10866 5812 11455 324 7281 1378 10305 12310 2658
13409 5986 5812 8124 11711 3927 1378 8392 9006 7755
6585 12733 2682 8124 9015 4532 2547 1964 3583 9502
6585 9862 3163 6642 9015 9213 11173 8870 5786 8338
6585 9862 8647 8108 1454 438 2220 2037 9628 7170
6585 9862 12857 5392 2739 5744 13961 3033 2408 1036
14173 13640 12478 5392 11633 1930 7900 5600 10414 11131
14173 6966 5901 6260 11468 5517 8442 10599 5195 931
8349 13468 5901 5527 7868 13124 8442 2353 9368 1783
10850 12091 9255 5739 8027 9561 4264 2095 10870 5923
10850 12091 7908 2718 2320 3760 1188 7607 4705 2454
3084 3530 7908 11579 2320 7065 9411 1168 12645 11840
12004 7942 5441 11422 5340 5365 681 6226 9951 2614
12004 7942 10902 2030 14021 11946 886 4795 5257 13901
7787 9755 10902 2030 14021 7823 4551 12545 1011 4253
9893 13578 13098 12460 11677 9775 4551 12545 11536 6654
9893 10855 7258 8680 3979 2624 6963 12545 7228 9709
11477 7646 10530 8680 9314 13037 2438 1743 12533 11189
11477 7646 10341 8680 8853 7046 9149 2256 11989 11022
5559 13093 10341 9343 14166 7856 9149 7600 6834 2939
5217 7752 5964 10149 7892 2618 3685 7600 878 10634
11220 7752 13745 10149 10201 9155 4779 10108 10662 480
10767 7752 7440 10149 13942 4206 9941 11929 8411 8681
10767 9402 2053 2429 5993 12157 4448 6221 10489 13178
10767 7554 3080 12081 7603 11144 8715 4560 2621 3394
10070 6078 1069 12081 7603 2507 132 4313 2168 9990
10070 6078 818 6861 1210 5691 132 4313 3225 1815
12156 1079 818 13477 6381 7895 10682 7992 3399 12623
11310 13349 2484 13477 786 3235 8080 8180 13824 13878
5187 13349 5853 13477 13420 8037 11892 3852 12910 1817
6087 9188 12507 9741 10759 7224 10784 2854 1804 3986
6087 9389 1091 1252 12882 10495 11111 3551 13718 5208
13753 9389 2021 7510 5465 4803 4223 9528 5699 5881
13753 9389 433 7510 9544 5751 1531 1161 7462 9017
3315 1673 3185 7510 8204 9503 11239 7298 11469 4966
3315 6473 14056 6455 9578 9503 10600 6291 9054 3011
4236 7211 11370 9827 5063 3455 7177 863 8156 12905
9443 12419 11370 9158 9454 6163 7177 1996 3039 8555
8775 4963 160 12450 11208 9465 8888 3170 8081 8795
8775 10961 7096 11749 1005 2264 5760 9179 12881 5219
3463 8267 1461 4209 1005 1060 7676 9038 8662 12268
7855 8267 1890 11095 8669 10344 1260 9721 4425 8500
3433 11996 6273 11095 7272 6282 1260 1217 3368 5605
1172 1913 9752 6177 7272 8481 1260 6331 13074 6297
9540 7834 9752 8305 10013 2699 10678 12797 9801 7366
5396 13366 12625 9546 12398 11629 93 3705 9799 3328
5396 13366 8711 10983 1012 12015 6010 2206 9128 6456
12643 107 9886 10217 1012 3716 8403 4953 4835 10077
12643 107 9568 13809 5963 2830 7353 14175 4775 10426
457 6889 10812 3500 158 5636 6224 8104 11081 9146
3597 3961 13711 12350 2866 8054 6224 8609 2582 531
12868 3961 13711 2166 1307 11386 6560 5908 241 6622
2099 2001 7724 1213 2432 8491 647 10781 7094 8045
6427 2001 1442 1213 1621 2009 6103 11091 7094 6581
3902 12706 4252 7502 8476 4723 6103 11106 13565 13170
3443 12706 8886 9532 12112 13987 11168 5423 10899 5252
7156 6989 12985 12987 6590 8259 6925 7578 3943 12246
4499 6989 300 1083 10006 10086 11975 2770 13003 11019
4287 3890 300 7509 7155 10202 3100 5843 13003 590
10238 11012 6384 4543 3321 5629 3100 14155 4322 12921
6034 11012 13145 4405 11815 6879 11369 7934 7056 2082
3233 3461 5902 4405 5037 11075 11369 1371 7567 11862
10243 3461 5505 401 5037 8788 11369 7197 2800 415
9207 3653 5505 401 12753 13149 1141 1811 6625 13043
9207 7799 14099 10841 12753 1185 5814 2613 12707 9292
13928 1871 5944 3872 12753 4214 5128 11637 3506 9758
5378 3824 12461 4862 7192 3993 9369 12937 7414 3473
5378 116 11250 4862 789 14049 780 4675 9594 8571
4480 4612 5074 4148 10182 14049 780 9330 3910 6491
1825 2967 3360 4148 462 12584 3411 8629 3117 1610
1825 9491 59 5288 3996 4994 2131 7703 10219 12767
1825 4778 59 7524 8484 10420 2182 6200 1842 6606
11956 4604 1117 7524 10607 11652 9615 8508 7879 8881
11956 9042 12465 2862 13587 11262 10802 9306 4101 5348
4132 9042 733 9870 4342 1977 11763 13073 517 10602
4132 12818 733 8738 4071 1423 11914 11535 14108 2452
4132 6847 11586 7733 10742 8069 12883 5477 5746 14002
3792 6847 3554 3952 10742 10981 2431 1191 7277 5972
12161 6773 914 3952 7666 1794 2431 9513 2968 6421
2150 7243 914 3952 8979 1794 2431 12049 7907 8252
10016 11332 6217 12009 13931 9287 8699 445 6386 1457
13750 11332 11587 12009 14116 2916 6836 3819 8310 8415
13253 9789 7200 7126 14116 8524 13281 1928 1602 1481
11365 8610 1133 13865 11813 6768 7611 5188 290 7450
11365 8610 4840 13865 3258 3665 7611 5144 8530 6995
2239 4715 4840 10198 6167 177 12053 8433 2142 7485
2239 9453 13294 4626 3771 549 4494 13629 6468 13680
2719 622 11305 4626 3771 13855 4494 4539 13400 1120
8688 4970 9419 3048 3771 6591 9835 1899 5698 7816
2528 3260 5204 13658 994 9489 6851 14134 11568 4960
2528 3260 12724 9485 12195 12793 5007 6554 2972 4386
2528 12116 12724 9485 11104 12793 3511 12814 13243 3212
7002 12116 12585 5456 11104 1980 980 9740 12976 742
2116 2746 12585 11230 1131 1357 14041 9740 12976 12458
5317 5856 8611 11230 9487 12591 13691 5461 12976 12139
8589 5856 9956 8129 3950 14095 8965 11414 4894 7547
9001 5082 10534 6598 5362 8008 2741 6934 11994 3277
4978 13981 10107 6598 5360 10734 11584 13813 1927 1002
12117 1856 6536 12653 4321 13309 3363 10393 3976 7223
12117 1856 11659 3744 10712 748 3363 3171 3976 184
4420 593 9291 12007 3723 3774 3417 10480 9607 3234
1965 12948 3647 9537 196 12678 13622 7523 11174 2041
10605 4266 2383 7098 14046 4940 9672 4738 10847 12226
10787 9914 2383 4363 14046 9734 9672 11154 9031 9137
5974 7226 784 3468 5012 9305 9261 11154 7864 5263
7052 12871 784 7463 5012 592 11400 4043 2148 11397
7052 12871 784 370 13821 12308 9451 569 8127 2060
7052 11351 2014 8909 7806 11192 11283 13227 6489 837
5207 11351 14147 13964 10308 5286 6485 11293 5478 7021
5207 11351 9118 4095 3617 101 6207 11293 2403 5402
5207 1001 535 3156 3777 3608 11419 5354 3493 7164
9452 8447 535 154 9567 2606 1374 5354 3727 13019
6068 12981 13509 1798 13895 2606 13770 6133 3092 11805
6068 9434 13509 6046 13895 4023 7522 10553 5238 10816
3152 8567 5604 12743 2680 105 745 228 5498 12222
10848 1505 10861 5924 1872 105 9426 2755 9572 4458
13317 3132 10861 7658 6039 13135 8642 2755 9788 9822
3928 5982 2783 13202 9208 6798 4311 735 3138 577
8185 12803 12016 3040 5872 3375 4311 3981 3678 157
13443 10490 6289 4725 9123 1507 8665 2368 10322 6415
13443 10627 11000 12416 12604 1944 4286 7546 4609 10343
13443 11575 3191 3865 11687 5652 11691 8507 10447 4718
3121 4982 3191 11025 8559 5652 5976 9536 5838 8654
14172 10043 9770 217 8559 10241 1917 2382 5838 4004
10175 3660 8275 11804 8559 9697 8656 2382 13959 1204
13546 1583 8275 6262 6632 2471 5032 9495 3386 7055
13546 1583 11470 8444 10769 142 13727 6372 9264 2703
3903 7906 13526 11719 5736 2312 6000 10807 13482 4229
3903 2103 3407 8380 12794 9942 8302 1231 13918 11574
