6327 6697 464 3249 3976 730 256 5512 4979 3565 4528 3844 8454 9481 9952 5029 8926 2734 1626 2722 1194 6677 8585 6030 8453 1551 9416 553 2396 7164 9719 485 2129 1356 3979 10331 8030 7702
5297 4993 6824 9988 3976 7487 256 9160 4979 6743 4649 585 6642 5990 6700 2652 8261 1455 6685 5721 7122 2792 9736 7654 9345 7748 2162 553 5717 7119 3350 9414 1434 1356 5120 3412 529 1005
2904 2186 6824 10176 3316 7552 1415 6742 6132 739 913 585 3195 6520 842 3441 9382 3369 7311 5442 9908 9545 3755 3904 9605 3812 2279 7471 4394 219 1369 1795 2546 9190 8248 699 334 9930
6253 249 3938 10176 3155 7845 1415 4059 6132 9550 913 3957 4215 185 2283 5733 10204 3369 303 597 5977 4601 1468 9380 7948 8341 4627 9904 2008 586 9590 7923 418 8685 8563 9418 5514 3699
8128 9415 2822 1667 3155 510 3996 3628 7241 8530 9684 5397 7329 185 1254 5733 2626 5552 3271 2055 494 489 3765 1713 113 8341 8966 4103 2929 5139 8632 299 801 8830 686 9418 454 8755
3119 6926 2822 9420 7675 510 8533 3934 2189 6658 4679 9432 7329 7135 6708 7222 3202 9870 3968 2055 946 252 10022 386 2598 9822 5750 6521 259 5139 3223 1656 6839 4482 9240 6018 454 1500
6061 6926 2822 9420 9350 4112 8533 3934 2268 6658 8001 9432 7329 7135 6708 11 7626 8973 2418 7731 946 7013 4524 2227 10253 48 9410 6751 6647 6442 3754 1587 5416 6587 5685 10293 2878 8206
401 9760 2822 7716 8009 4112 8533 2535 2268 1317 8001 97 8193 7464 3869 939 4369 10327 1173 1630 5701 7013 1784 6498 7193 8857 7505 2637 6764 6184 7028 6407 5416 10227 2477 2522 324 8893
8937 8520 2822 3063 9237 3112 9397 5932 1247 6457 3131 5635 8193 2341 1491 2622 4360 5604 2401 9739 9542 3408 8479 5681 4346 4671 8257 6433 7006 4709 1924 629 3134 5715 4039 6301 7508 4803
8937 8520 2822 3406 7781 3112 1855 8466 1247 9297 9263 9433 10185 9839 1491 2622 8413 707 9928 8026 3772 5195 7364 3464 2590 7298 2715 1688 788 4709 8263 7517 7082 9614 3396 6301 9317 6665
3901 7446 5896 5596 6973 3112 554 10274 4695 1273 9263 8551 10215 7690 866 8369 736 707 9928 5760 3508 10163 7364 1993 8156 3081 3644 7815 5915 9567 8263 3033 429 6903 4440 9661 7419 8468
1533 7446 3949 6187 6973 4435 241 10274 9217 1428 9263 1760 2298 1140 3642 4035 736 1927 4680 5760 4029 3414 7364 4851 8086 4917 3644 9359 6991 3917 7606 2558 4568 2540 3960 5450 6931 764
1533 7477 4806 6187 6111 4378 241 10274 9217 1428 6900 6630 928 1140 9323 5286 2835 9125 7118 7592 4029 1150 3026 2814 1706 2537 8737 328 1388 4527 9932 3021 3931 6522 4462 2366 6065 3484
7539 4340 6324 1419 2109 4378 4481 10054 2316 1082 8885 9585 2630 1209 4777 7373 3224 5249 7118 3706 8074 9840 688 5015 1706 2537 10246 6456 7987 3443 6241 7924 4396 4432 2539 6972 9801 6732
8358 4345 8913 9406 2109 7703 474 10054 6260 9299 4225 6057 8147 2184 1941 6888 4575 9849 4267 3953 8074 9400 7719 7778 9053 3451 4635 4273 5434 2510 3543 820 10174 449 1366 10140 8258 4508
5199 8555 918 9406 2109 5828 7286 3218 9367 1851 2431 2945 7358 10093 8676 7213 4147 9890 1143 7937 2250 5241 7257 7988 9053 9579 8553 6659 718 7167 459 662 794 8487 7052 6277 2467 2712
2079 10160 8982 9406 7139 2441 6019 5303 1453 1404 2431 1806 5267 8087 4252 10135 952 9890 1143 540 2250 7854 1823 5539 9703 2872 9866 2597 7293 9549 459 9778 8876 7476 2849 424 8057 6905
2079 10160 8982 8584 7139 3849 1761 3509 9019 9454 5856 8641 5267 3511 3016 4151 8475 8846 7886 9013 4188 5420 8573 672 7270 2872 1437 3317 5465 4775 6983 8337 10279 4293 7045 2095 9408 2738
6789 8991 8982 5963 8918 6362 2164 3509 8055 1974 8387 3715 2197 1286 24 4151 9282 1957 3257 3808 2030 5420 2769 3146 6614 4708 5897 5412 5465 6544 8914 6212 7047 5483 266 9547 3388 1662
854 8940 197 1129 8918 10230 7190 4653 81 236 10203 620 7142 1286 8050 1269 675 1035 21 8372 2030 5415 7919 2294 6320 3356 2763 8114 9872 9672 8914 7230 2219 1869 6348 1800 1983 3966
4315 6203 197 4362 8918 7991 8978 8481 7038 2953 10203 4812 7142 6754 7580 1269 1049 4367 21 4065 9194 10152 5361 6284 8653 8599 9236 7589 2 9672 9174 612 7453 10121 5729 6051 4533 3982
2176 4000 10210 7172 3689 9428 8978 550 5898 3717 9146 335 1670 3111 7580 339 3055 7109 3066 1926 2616 10152 6455 6207 7073 4121 4355 1289 3683 2857 876 7584 4168 10121 4159 1560 1219 8196
2176 4000 10210 481 5632 6994 7755 550 797 4835 3714 3162 246 3227 1153 103 4863 3006 7275 1661 395 8012 6455 120 12 9609 5848 4855 3683 6723 1641 3667 1777 5288 7382 1560 5197 5638
5738 4000 9566 481 5632 917 7983 3571 3299 2759 5825 3162 246 5575 7274 103 6089 684 2612 2047 395 8338 1232 120 12 910 3675 4747 8888 7027 7659 6846 2880 2286 1849 7591 6351 26
2473 4000 4082 6120 8082 917 9082 7642 3299 6967 4598 3162 1882 360 3222 1106 1891 6791 2375 3736 741 689 3269 6855 6908 9896 3675 1640 8888 2982 9318 9649 966 3756 7585 1261 6086 5548
3052 674 4082 1094 4331 917 294 7642 8077 8532 4598 1672 1882 2970 1815 7162 5405 6515 2375 3736 6921 10006 3269 6855 2180 8724 6312 1640 2589 7277 6843 5656 8865 9935 1025 6831 6317 6448
5493 3698 7141 8880 10018 9008 4414 1438 7354 4585 4503 8063 1685 8113 9483 3376 9413 5679 8874 28 6921 7467 394 4567 2979 6432 6340 7955 6175 2351 1203 8073 18 2762 1025 3977 7012 2869
10301 6604 7141 2392 10018 5033 3167 9495 8660 881 5477 6528 1685 4055 6548 3376 2102 5679 5208 6537 7444 3813 2156 9677 2979 126 7643 4755 1042 5357 2193 320 4581 6224 7981 4214 3175 9597
8616 6604 1020 3907 8823 493 1598 4913 8660 8407 7999 378 1118 3053 2237 7488 7810 6391 5208 1973 6103 3813 4155 9677 5040 6513 8464 5743 6210 7582 2193 3638 4954 6322 3788 6913 10169 8844
3870 1362 7527 1448 240 2428 4743 588 2927 3729 7999 1435 5458 5708 4502 9674 7810 1792 1741 6249 5039 2790 2276 6644 5619 9310 7334 8962 6210 901 4643 3638 9386 6322 9309 1900 3381 1418
8780 1664 6359 1448 4033 3433 7519 148 3450 3729 4044 5821 6318 5708 7535 6306 8350 1792 1850 4387 5039 2790 2276 209 6049 522 4076 9946 3418 901 7485 8997 8652 2865 9485 2175 3437 8197
2997 1664 6359 775 4033 3433 1135 1300 3303 3749 6940 5821 6318 6668 7064 3479 1597 6822 1850 5080 503 6504 9336 5324 1722 5110 5194 9946 1114 2625 5146 9111 779 251 4623 4510 3928 2202
2997 3330 5928 5655 1048 1138 1135 8708 3306 2292 3282 3035 7470 2882 7064 9117 5313 9305 6810 7116 503 1862 2324 2205 1023 1543 3252 4429 7291 7649 6220 4406 2052 5796 8921 5886 3630 3458
1775 4737 2399 8296 1048 1138 10062 6952 1368 8910 1870 323 1665 7192 6941 8252 716 6651 7658 1816 365 6808 8741 2205 3460 1625 7092 4799 4135 7649 3954 253 6004 55 1932 6986 7431 255
6488 4737 2222 8296 8894 1138 10062 6952 4400 3332 1870 3558 3730 8107 5336 8144 3758 6213 7658 1816 10336 758 7773 6618 4354 3050 6341 8091 3696 7649 4181 4407 4213 4122 5311 5699 8477 3798
5649 5115 836 5938 9810 6100 2004 5503 9717 3332 8058 9200 9751 5910 5336 7869 6248 5453 9069 1816 4981 5999 3838 8305 5235 6076 10323 8159 3256 3392 4181 1786 4213 3535 1975 6698 5788 5358
2307 5115 1743 5320 9810 6100 9333 5481 4333 8208 1698 9200 8686 5910 5336 6836 5543 39 9056 290 4981 3981 2663 1880 5235 7380 563 8159 4583 9304 9847 4080 163 7004 3132 10144 6038 1865
9311 4288 9559 1980 9563 7646 4605 425 3623 10034 2101 6695 111 2685 2016 3724 8839 984 9030 1000 8421 282 8458 851 6612 5852 3411 2879 9842 1134 10177 4080 163 8279 1642 4628 4177 7015
6542 9663 8534 5466 9563 7646 355 9360 3623 10034 1191 3865 4012 2685 4697 10025 8839 5474 377 7049 873 7357 8458 9322 6042 8513 3411 5916 5221 4026 3113 5879 2661 7671 970 3196 5445 6129
4164 8005 1622 9226 400 5989 1631 9360 1315 1263 6652 5829 4106 1909 7847 8597 8839 5308 1971 5402 873 4434 9922 904 6036 6584 3514 8803 1249 2553 3113 4761 6775 10229 1954 2032 6371 9411
9856 1166 1622 7509 828 5989 8098 349 1315 2858 7497 5829 9379 4809 575 3711 8782 3364 9838 5931 3476 1488 8062 904 7514 2580 1735 6656 10321 3352 4383 1067 1958 6753 10196 2812 2613 5948
9856 1166 4703 4308 3191 5989 9409 2185 1856 1892 9699 3700 9676 9097 50 6712 4336 1397 4259 3088 5726 9960 6663 2501 8412 2062 2747 10124 7954 3352 7633 4765 8771 8987 2344 6957 10087 5948
9856 8638 7984 1405 3341 3534 9409 7963 696 1391 1462 518 5532 1210 10217 6712 1288 7771 4259 1729 374 1692 8334 4364 9245 2026 6267 3861 8425 9147 1436 567 234 5291 3301 5343 8930 6681
7371 8638 1238 10334 5490 5025 3994 9001 1469 1391 5970 1085 3069 8714 4767 4613 4688 4093 1561 1600 374 9396 8416 9062 5746 1573 8615 7806 1592 6503 1436 3780 8619 8804 3228 5343 8352 4924
7371 914 7575 10334 9243 5025 8243 4769 6108 4242 889 2051 6958 8831 2696 1338 6923 8191 3349 4199 9281 9396 1266 616 2635 4120 7451 7867 3034 5289 3895 5248 7285 8804 3228 5171 4845 9602
4967 7214 7575 6039 9243 7641 10069 8899 6108 4132 5366 2051 6958 2261 2696 1275 6923 9578 10244 1859 506 1875 4950 616 5562 4120 4008 5181 1549 4674 9909 8750 4610 9531 3438 6782 3289 3896
10245 5806 2262 6847 835 8591 10069 9706 6974 161 5366 8300 7747 2261 6459 445 6169 9578 10244 7785 3809 5855 3426 4487 3814 410 4506 5181 5814 7157 7210 6357 837 3267 558 5322 4016 7733
7790 421 8483 963 835 8591 1754 1805 697 161 4676 8640 5783 5871 8404 4573 5121 7777 1896 7414 8313 5855 414 2983 8065 2416 7271 10102 8500 2684 7346 702 6683 644 224 5501 9587 5426
9365 7273 8483 963 4158 9526 8214 5944 697 161 7873 9768 7132 5871 5572 4573 8403 2419 7709 4011 5443 2671 10073 6252 8065 5028 9970 4046 5092 2684 5627 10036 3794 4274 4693 5625 3029 9619
9365 4813 8963 2242 4600 534 4332 5944 2726 3107 1519 2644 5607 6666 3058 344 8403 9600 1477 1925 8815 6799 221 4973 9087 6136 2711 7808 1762 3049 5381 5282 5583 685 7772 6676 4659 9728
5383 4813 8963 8389 4600 4522 4332 3281 2447 6204 9209 8504 5607 6666 2309 344 8403 6476 1477 3921 6961 3363 221 7613 3094 9565 7110 9268 6271 5475 5381 4596 9052 685 4050 8347 5608 4800
5383 1562 8963 4092 2099 7187 1324 4904 7492 1157 9209 2815 5607 4555 2248 6420 1308 9556 3952 9959 9572 1585 10296 7613 7632 2706 1262 1723 997 5475 631 3959 940 8105 1576 7430 9039 5883
9210 5487 4454 1481 2099 7198 1324 4904 9289 9919 9247 7435 9529 1132 6069 1495 10105 5946 5894 1087 277 1585 10209 2524 3852 964 8210 2310 3557 5486 7016 3703 7850 7891 4925 4145 1689 6148
5132 2656 4454 1481 3046 4024 1324 2046 9505 9215 316 2059 7117 1132 926 7912 6009 5946 7383 6633 6797 2781 10306 2524 211 2200 8210 2310 5595 300 6269 3360 4479 3618 9622 8717 6218 9569
3296 2656 4057 6962 652 9993 7322 2046 4667 2788 9592 2602 6074 4900 607 2342 888 8610 9546 1866 1982 4038 5559 5374 4441 7547 1727 3147 9982 300 4341 9785 1680 4458 8580 4646 1721 5899
5118 9947 4057 4269 9616 556 10068 7921 4667 9977 9780 7757 5668 9253 1022 6938 888 7490 9813 3750 7184 3881 1054 5374 5779 7964 8645 1058 9293 2288 3015 1811 204 7137 44 2521 3005 7023
5118 9829 210 5127 7618 556 2081 9487 8059 7545 6576 7757 2529 133 9460 1867 9106 666 8734 3750 7184 10235 9065 2290 5677 1853 10052 613 10080 1066 2116 4401 8498 10156 44 4764 8324 8814
3989 101 3253 9502 7860 790 6890 2389 8059 7545 5683 9723 5582 243 9179 7331 7338 6464 8734 2645 9680 10235 5778 9261 5333 4657 8321 4254 9221 5165 9134 4377 8827 7752 3478 9864 10095 2559
6573 10133 3253 1483 7860 2151 7394 1822 4270 6773 2171 2744 5582 243 9179 8625 3373 3709 8528 2451 3092 9458 5778 6379 2956 962 9860 1459 4531 5165 9134 7356 2223 4538 9548 985 1450 581
4019 6582 3423 1483 9702 4077 7394 1180 2730 2736 7229 2744 9521 2069 9179 504 3373 3709 8923 7946 1887 9255 8424 3427 8328 1979 9860 1459 1582 9486 2778 4361 6473 8023 6180 1606 6491 784
5433 2143 9917 7911 9702 7153 5817 8526 2730 6516 7229 2241 7624 2504 479 10039 4677 3709 991 5740 2381 311 8424 6813 2824 9344 6300 4439 6588 4976 2463 6506 9014 1701 924 625 10040 9516
6738 4796 9917 7911 4563 3505 4558 6511 4704 1511 8331 4887 8068 2504 479 6138 10138 3709 1290 7910 4826 8751 9777 3969 6172 9270 3992 6167 2611 8787 2287 10082 9390 3771 8484 9725 9196 5513
6738 5951 1978 7010 4988 5850 9491 6124 4704 7461 7929 1874 7813 4536 8339 3323 5023 4698 1206 7817 4826 1357 2468 5782 7186 2607 717 2178 5036 3041 5135 9560 8592 5408 4896 6816 7558 7775
4762 10046 3051 2545 4988 9748 218 6124 9103 2864 117 1874 122 8981 8339 7411 5023 4698 1755 2190 458 8995 2468 5782 7186 2607 7794 3877 5036 2751 3362 8759 5945 3946 1323 7196 1953 1852
10254 2105 4770 8577 9794 9786 2239 7145 5112 4060 3674 1874 3766 9568 1260 3064 9219 351 296 9944 6437 2427 4921 9817 6728 9954 5101 9927 3639 6524 10269 7360 5180 2583 1323 4899 1953 1852
872 2990 4770 8577 1837 1392 6376 3315 6143 10205 8018 4886 7095 3885 8560 6192 6746 2038 7750 3545 9804 1857 3371 8035 9551 7831 671 993 8834 9078 2387 6809 1901 6739 5568 6246 1965 6445
10010 5540 7044 8577 923 5077 4663 3315 5255 1484 9652 4886 9334 6314 8560 2215 6746 1928 3327 1090 9804 3065 3371 706 9551 4138 8882 4223 6538 2254 9558 8793 1901 9306 4451 361 4995 7155
7792 1639 5323 9139 6704 6787 8826 4380 5255 3417 8501 3413 3168 3793 4757 4111 4278 6171 5986 4766 2577 603 1342 9096 8813 4138 4652 9088 9452 2254 663 1998 5079 3612 4520 5068 4505 3077
1313 1639 5323 5925 6704 5811 3326 9448 8567 2562 2609 212 10164 8719 6934 10004 4996 1332 6721 7250 7647 744 3900 6126 8821 4141 1769 8360 9452 8327 7359 8002 8256 5070 1623 5504 3760 2770
1313 9185 5323 5939 6704 5811 4118 108 5329 7199 2720 5803 5279 8719 2226 2444 9926 4290 1673 10284 5406 10328 3900 7361 8821 5085 4066 6794 3293 8327 6718 6641 3753 9262 9897 8627 3760 8253
3863 5597 670 947 6704 5811 6240 8368 5329 9079 7932 10228 5279 5663 3599 2361 3148 8314 5657 10284 9796 2584 7856 8164 999 5845 258 9258 116 1241 2757 5590 9943 6088 5857 6790 159 3687
1243 3393 670 2505 3879 6144 6285 4287 2634 5261 4034 4339 4614 2575 8829 3524 8422 1347 2851 8473 1334 2584 9708 9631 5813 8200 9576 9530 3503 4020 4664 4890 5873 5124 2543 8423 2454 9478
9439 3393 7569 1011 4329 6144 6285 9230 5985 194 2297 4339 9131 6378 7805 5026 447 4946 2919 8786 1334 3338 9708 6070 7020 3878 9576 2731 6355 2475 974 1936 936 2775 4299 9259 6178 7936
9439 3213 7569 9038 4329 10081 6285 683 5985 9726 2297 4296 9231 6378 5643 4187 9799 8975 1894 6272 1334 2120 8457 6784 10030 9763 5775 3325 10110 7154 8727 7931 936 6829 8890 7215 1452 1476
8330 1432 5812 9654 3727 6309 306 5776 6945 2930 1645 7522 5526 134 6820 8792 9799 2746 2721 3135 5838 2120 552 6784 4182 5398 3357 38 5645 7154 2100 4442 4194 9315 8760 5368 4136 5163
750 2206 5812 756 3727 6309 8607 10048 7798 9640 4833 3835 886 7546 4316 3761 1635 8103 7387 4753 8499 712 841 8174 3329 619 9683 2503 9734 862 9779 5372 2925 3497 2779 2843 8922 9191
6978 2206 5812 756 1921 3886 7525 364 123 5507 4229 9361 886 7546 4316 6702 6417 516 7387 7800 7206 1637 927 8174 5918 6724 4892 6297 1703 1826 5564 5673 5926 3645 8702 6396 6461 9028
5736 2547 6596 2404 639 5104 4068 2498 7125 142 4229 9361 6850 6509 1960 5422 1080 516 1796 2181 5654 2330 4255 313 183 4370 4892 4982 7762 834 4196 9735 1 4295 8259 8032 10066 7178
1330 4579 6596 2404 576 1854 4319 2213 2785 9393 7836 5020 6838 6509 1653 2037 4656 8109 1796 10148 8636 4245 8490 9646 2894 2752 5660 4818 2041 6005 811 9149 203 4975 8784 6415 3045 391
6477 6273 2073 5853 8036 1081 4319 9370 2785 5521 10070 3653 4521 8547 1539 2037 4656 3118 6150 7115 2018 8884 8490 989 5691 9807 7089 9153 3475 1336 3778 845 8778 8655 802 3924 5277 4067
846 6031 3529 5922 8036 2284 10155 406 9978 1485 2296 3653 6640 1370 5565 3234 4656 10115 6955 6828 7183 9251 2591 5542 5187 9807 1406 1878 2911 5644 3096 8138 8778 5711 8855 3272 2516 7305
6657 6031 2365 5922 6705 9326 6237 9610 5091 7673 2899 8600 3320 1707 9540 1117 2275 10233 6955 6828 6493 8008 6410 3398 9003 478 9216 4283 4960 4759 5859 7639 3348 9399 2149 9885 1043 4889
749 6031 3937 7581 4452 9326 3004 9610 5157 7673 2363 2533 5367 3110 2895 1117 8325 3720 2318 6828 3389 1202 8315 4556 4107 4351 9059 4283 68 6395 4152 7639 2327 1547 2023 9018 2573 6181
7879 6627 6848 10122 956 2350 8349 7191 7559 4162 2903 2112 5367 8716 6189 10197 3237 4241 10262 84 9063 6330 9519 592 9824 3744 9886 4544 2741 2551 9795 7941 878 6690 3582 7968 4760 9700
7879 5831 10287 10122 5173 1716 8349 4537 8385 4162 2903 2112 804 3027 5113 10197 10324 3266 5111 84 7696 1781 9519 6446 9824 3744 9886 852 7021 693 3468 4853 878 2403 3582 6768 6170 8712
7288 8028 1184 3297 5173 1624 3734 5702 1174 9942 475 6919 804 9021 1251 1731 9595 10055 6906 6142 7696 10060 8133 2950 9859 10226 7090 8747 2465 5229 1016 2097 8935 1167 3106 9506 6595 3897
237 10225 6688 3297 462 5353 1344 5270 7496 9126 2495 3404 8070 1230 1251 5967 3261 2915 8238 4142 7696 5252 9690 5704 5713 3456 5943 58 3425 6045 8820 6424 8935 3829 5675 867 8491 898
403 3622 6688 6156 7427 4443 4460 2542 5491 9133 2356 3598 5049 8335 3893 1460 2464 7326 5317 8029 4773 6860 3020 1013 3216 8247 269 4237 2698 6022 6819 661 7756 10106 1198 4820 6543 7076
7185 3622 9733 2128 7427 7780 5512 8158 5491 1176 2356 3598 2141 5865 95 1460 711 7751 3745 3764 5479 8244 9114 10237 6536 2724 4802 8629 5141 4002 4539 1161 6427 5781 5659 7660 491 4127
7620 9301 8522 2128 3651 7268 5512 8158 7129 4528 5411 7966 4320 9952 5271 1460 7037 1441 3745 6568 6677 8585 1175 4075 5888 9300 432 2396 7164 1329 4515 2728 3072 2512 1121 994 5035 6851
