2278 3184 3674 1864 952 6389 3232 807 542 1351 1407 4101 3596 6342 1096 344 5118 2744 3112 271 1760 2434 4735 5270 2626 2072
2278 3184 5202 2635 3641 2660 5935 807 439 3190 424 1286 1415 6342 2533 4935 4278 223 4434 4259 5888 891 6268 6346 3824 4114
6357 1 3734 2635 2716 1515 3051 4082 6148 1688 3770 1286 6059 2633 4316 83 4466 2989 6425 453 5888 5493 3872 3510 3011 4021
1750 1281 5577 1513 1736 1515 2216 3976 1672 1688 4727 5305 6059 5462 1757 1741 1264 1374 6020 5009 3598 2212 2369 5616 4140 2934
5337 1281 5577 451 2268 2441 4750 6259 4102 3013 4727 2866 4108 4559 2996 3486 1264 4026 4667 2608 3495 6033 2536 1155 4347 2606
1831 6037 503 2223 2268 866 2317 58 2132 4487 988 4279 4151 2657 5419 3486 4945 957 4667 3494 6403 5179 3861 4173 5200 6462
1831 4039 503 1476 2268 5198 5212 2347 4423 3776 5927 4890 1650 5240 3053 5866 5253 4078 5109 1492 5678 5513 5150 2425 1852 470
6003 4772 667 1476 1295 3369 5089 4129 4423 1070 5927 3652 2044 5240 5317 598 1039 77 76 4202 2159 1101 1506 2811 4691 2974
6003 4772 1370 4064 6179 3723 5089 427 1156 2896 5308 2502 1418 6280 2572 5582 3907 191 5903 4202 2159 5016 6026 5718 3670 1658
3009 1279 2615 4064 377 5636 1799 1331 6243 1924 5308 6127 2767 6280 2105 6334 619 4392 5903 489 5076 613 5451 4475 6455 4059
4290 1279 805 4064 1184 4365 791 1331 2271 2931 2988 2382 3756 5723 2105 3466 2778 3063 36 4938 2813 613 2066 1019 5502 1118
4290 552 805 3043 1184 4985 791 675 3847 581 5374 510 3756 5723 3235 5256 4180 1957 6353 1368 4789 781 1627 2145 321 2636
5004 552 3157 1071 473 5618 790 401 5590 581 5374 510 4363 10 5672 655 1810 2748 114 1743 1033 696 4286 3549 321 1584
3881 2462 1830 3644 4969 5663 171 802 2580 2432 5374 644 5644 2825 1575 5250 3247 1361 114 2353 4471 2757 4682 6382 1419 6287
3881 3144 3932 4115 2303 3333 265 789 6395 2432 749 644 4568 3125 773 2266 444 1361 1455 2254 5531 149 3422 1847 4771 816
3565 5957 3932 4966 4596 3333 4794 6364 6395 784 1617 2623 5554 2704 5480 1202 444 4084 3133 1023 1666 532 3174 5085 5863 1691
3467 3759 4569 1429 1611 643 3113 4181 6395 4753 4395 2844 3645 1308 5 1202 5139 3103 5334 2785 3176 3443 1136 1580 4853 4419
3467 1187 90 402 5073 505 3113 5195 3415 177 707 6123 6332 4302 5 5580 3147 5567 4504 2431 4224 4153 3342 5187 3526 6214
2373 1512 2577 694 5073 505 4802 5195 199 1212 707 1266 6332 1316 4597 81 3147 5567 751 138 3385 2007 5551 2520 1635 40
5719 6496 1747 694 2555 4203 5435 2096 2387 4461 707 1026 2352 1316 6152 81 1571 1332 3168 138 6164 4745 5551 714 1491 40
5719 5406 1747 6095 298 3788 215 609 1696 4461 1399 4925 2352 550 6152 4705 5178 3359 3476 4092 4085 6423 1768 2252 2796 3325
6116 3140 3455 6095 2209 3788 1859 609 3388 2203 189 3905 6338 3848 5412 407 1065 3359 3476 4092 2970 5873 903 3142 2986 3309
6116 152 3867 6095 4364 5032 2103 5320 2189 2203 2424 3905 5744 3230 5412 41 380 2816 4762 2473 3688 2963 1333 5340 2469 2285
1934 3834 703 1550 4364 5032 804 5619 2112 6098 1609 4685 5172 4879 4955 5906 5831 2587 2543 2088 5205 3937 3548 5926 1910 6460
1934 3257 703 1550 2448 3178 804 4943 500 3130 5038 5442 5172 5992 478 5138 5831 2587 5602 6467 6463 3004 961 6072 4972 3536
1934 5371 2480 2614 1208 2372 346 2532 2940 4329 5038 3116 5614 59 3592 5138 102 1867 5654 5081 6463 276 4068 762 5059 3658
1129 2115 3796 2017 927 2245 1321 4408 1310 6191 2773 3880 498 3640 3219 1296 102 3783 5654 1573 6463 1243 4068 108 5496 3898
3088 509 4184 1816 6049 4965 3384 4408 1881 724 2773 6238 4763 3640 5741 1296 1386 6106 5311 2927 2859 5155 2960 4387 1103 559
2449 612 87 1196 3528 5190 973 5142 5597 4704 4961 2566 3256 185 3771 2249 850 3195 1496 2273 5392 5853 18 2604 698 6073
2449 612 87 6479 6184 5190 5909 241 4703 2063 582 818 1919 185 3771 2249 4381 1343 2116 1272 6217 5853 5232 2646 368 3842
4265 1135 87 869 6184 5489 5909 5538 5049 2063 582 4024 3085 4225 1073 1328 6045 3390 955 3251 5920 1991 5331 5893 1894 4469
4554 2228 3586 869 648 6110 5791 5538 5049 2063 2056 5132 226 4896 1073 5201 1480 393 5633 3070 2137 1999 555 4309 277 932
3107 579 1367 6439 648 5804 5791 31 1531 5565 78 4270 226 4896 1721 4050 1541 6141 5798 2913 2519 142 364 2951 1390 6023
5822 4075 5433 1467 4778 3675 5724 4694 6461 2279 1009 3471 2925 1153 5074 1648 206 1827 4145 4755 2519 6157 4349 144 124 4276
2455 6163 1905 743 3 5916 3119 2073 6461 5107 5048 3719 4614 4351 512 4326 3099 2111 3769 3477 5694 1828 2282 2667 4370 3810
2455 1772 1376 2134 5418 5916 3119 3128 2582 5107 5796 5665 4614 5706 1438 2165 2471 2111 5461 6002 1424 4118 1785 1038 5692 779
2455 1275 411 288 4430 4811 2500 601 4427 3572 3537 2820 3491 2251 6421 1119 4147 3774 5159 1106 5413 5833 2644 249 1288 3698
5570 3838 5617 288 5434 2955 5213 1363 5122 1564 3537 782 3491 3290 6421 192 4147 3863 5159 5377 2400 3724 2644 249 1890 6417
5570 362 1712 2534 4263 5624 2302 1363 3564 970 3537 1430 2094 5335 6421 6004 4230 1971 1222 2768 5625 5008 1057 3610 409 4844
5570 362 2320 3150 4485 2737 2557 5572 2857 508 4684 5439 5611 1097 187 6004 6459 2639 3839 2886 5064 4451 785 2071 1977 2658
5233 2199 2272 6046 4485 5465 5258 5157 4537 2891 371 6312 1117 2973 2342 5265 5668 4032 2211 2741 6307 5844 1956 469 1952 2689
5233 5125 2823 6046 3151 5465 5864 5157 4815 1031 371 764 5039 2156 1436 5373 5668 325 5674 2348 1808 4490 5197 3653 4903 2363
6285 4787 6397 1359 2806 3425 5864 1035 3835 1031 571 764 5039 4243 3939 5086 2420 3739 5983 3183 2781 4720 5676 4785 3072 1661
6039 3543 1671 4355 2806 3722 1107 2802 4877 1883 4850 2928 4891 4501 1676 3281 2947 3850 4156 1485 2781 2515 4924 5952 797 3395
6128 1061 6472 3695 5224 2714 2185 2802 416 1883 1167 1111 2673 1989 6130 3281 4462 1197 1391 4120 2917 4175 390 1839 4813 6349
2732 1061 4993 6365 5224 2714 1645 4927 666 586 1544 5671 4982 5979 4636 3643 4462 2937 5786 125 1075 2807 266 1452 863 3327
4677 425 2202 433 1790 874 1645 1384 1663 654 1838 5671 1470 6137 2929 3346 2819 4646 3920 6283 3442 2028 5163 3407 6367 5846
4677 5041 3179 2669 1790 874 5519 1384 1663 4908 2436 4810 602 4110 793 4599 6151 3236 4583 15 2856 2221 26 2439 915 4159
700 5297 3198 2669 5755 3432 4930 5469 5940 5855 2436 4810 602 5029 1358 4599 6151 484 5046 2609 2906 6069 6415 677 3394 3614
6042 5297 3198 180 5755 2707 6301 1219 128 4019 1765 1832 3064 2850 5688 3522 2919 484 1633 1656 2164 6069 4640 948 2 1405
6042 5731 3198 3295 2719 225 5655 1219 5416 5194 1720 5987 1815 2755 3741 2040 937 6205 2011 2167 5666 1699 4640 2624 3599 5288
3747 992 847 3295 1141 275 836 239 4292 692 442 1236 245 960 917 1139 3408 2406 4512 3169 5410 5105 1341 3279 4264 349
3211 6440 847 3295 2759 275 6104 1667 4633 2594 5999 1236 5753 5234 2059 4527 2941 3946 3694 3169 1189 5002 1341 3132 1003 3530
3211 5294 284 3334 5521 2782 4860 3405 4633 44 5999 1398 1897 5234 4334 1653 1229 6218 2047 4511 3145 4060 3957 1238 5378 4016
3576 2535 4759 4130 2845 4865 1347 5452 904 4444 5487 1398 669 1145 3417 2147 1263 1701 243 2834 2524 1788 652 5423 4366 4880
4081 2535 101 5721 2845 5607 3082 3329 6306 3583 3758 3958 4782 1525 4760 536 2983 1701 6227 2025 2570 1788 6056 4538 1744 1538
6322 4776 3560 5721 6292 2428 3808 3329 6215 4949 6133 3958 4782 2008 5594 536 5536 674 1464 337 5154 1918 3460 3813 3086 3270
5774 4157 4385 1715 4315 930 69 3042 6215 488 1004 3958 1734 4480 2496 4048 5536 674 1494 3875 236 1918 3933 1754 2097 1995
5774 3794 761 1715 4439 2664 1843 1050 1098 5559 6115 1967 5569 4480 4051 4048 5260 5761 1758 1234 1149 4992 5747 3910 4287 4438
5135 2283 761 1472 3069 2664 5386 1050 3906 3054 2327 5621 6153 4185 1657 2311 3091 6344 5970 1193 1149 6195 5747 3515 4077 4274
4509 2517 1547 3215 214 2664 5707 1416 4754 846 3490 3702 63 5637 1025 4332 3255 6344 204 4875 6481 6195 4792 4525 1265 4974
1543 2517 1547 3276 6247 93 775 6006 5645 1248 3490 1690 4687 2045 2774 5269 4922 6015 1335 6122 4626 4764 1817 208 2345 4818
1543 2517 5620 3276 6247 354 2426 1008 5645 6269 256 163 2641 4831 3012 1364 5428 5912 1335 6057 4626 1177 1817 5464 4533 307
1543 3700 1204 3725 3890 1180 2426 646 5645 2368 3092 2241 729 4831 3784 5825 4995 4939 2410 1770 3498 5054 4112 5052 4839 5033
2788 3691 4620 1150 901 1976 5883 150 5062 2368 1109 2488 3105 400 3008 3392 3612 4939 1588 1522 475 4007 2034 4653 2022 4478
6411 953 2168 1444 855 6492 5589 4634 4219 3623 1109 590 2710 4532 3201 3392 229 345 2890 5166 449 1045 3459 4464 4863 11
3493 5395 2840 1444 684 3921 6088 1923 5156 3623 1109 5817 3778 3711 3201 3959 4033 4900 1130 365 1825 1465 3650 5900 3409 6435
4 5395 721 2364 684 3921 3192 6029 5562 5523 3632 5817 5606 495 843 2079 3213 3960 3584 6482 2666 5989 1718 5881 135 2227
2598 2057 5351 2364 1015 1787 3192 6396 4757 5523 3273 1796 4268 1382 5615 3916 2403 2899 5977 1164 2238 5020 4911 839 5728 1437
2598 3844 5351 969 6016 1787 5737 6396 6183 418 3273 1796 1605 4907 98 746 2648 5708 5886 3952 5485 5020 5739 2659 2676 6458
1993 3844 3887 969 6016 2836 2527 895 3518 3830 342 4327 487 2939 98 746 2625 2662 5886 4137 6031 5490 4662 4913 2676 4517
1722 2795 4163 969 4369 2836 1585 895 3424 821 4218 4650 487 2173 6451 209 441 4683 1684 4137 1095 3812 1255 2446 4873 3591
5714 2474 1803 2092 4369 2836 1585 4566 3424 3716 6193 2985 487 308 635 5540 1192 5727 1537 983 103 141 5376 2019 2149 1356
5714 2139 949 2522 2357 293 4593 4566 3696 3077 6193 6232 3480 6398 2435 4781 5121 2855 195 950 3667 5100 5993 735 519 5901
1479 3768 949 1441 4454 4192 4091 1068 3696 1166 3131 1127 2375 2827 4732 4781 117 3454 3553 4359 4659 5872 6084 5581 1982 1504
5635 3768 4660 290 1755 1013 3822 3525 1446 1166 3131 523 2375 2827 5797 6486 1457 5667 5011 2458 5382 6297 3829 5365 3482 437
6253 3768 5631 109 5114 1483 270 5261 1446 3170 1217 4000 3926 2912 1540 2815 3948 515 741 3122 57 5000 3594 3362 4848 4149
6253 2790 3671 472 2605 2622 6323 181 4981 2256 4921 4000 1586 5003 5467 2815 3751 1394 3462 5246 3617 5699 5953 4585 2638 6290
6253 2907 3513 472 1340 1126 3665 181 769 6445 389 4919 4894 3878 3818 2892 24 4948 3470 1059 3999 3680 143 1085 3923 3589
47 1414 2158 472 4492 3728 6131 623 769 4837 6457 2764 4894 104 2392 1717 795 1113 403 313 2323 6305 858 3328 5682 3804
2717 2476 2158 3836 4492 1018 2095 3372 6251 4837 436 2764 1969 139 3611 1777 795 4756 3167 5691 939 534 106 3328 4305 6117
2717 1675 3659 4638 750 2948 2501 2456 447 5705 3361 567 1969 2869 796 5745 6368 2018 3727 5471 4851 6092 3764 4170 4317 99
3184 5945 1997 1973 6022 2948 2501 428 118 1128 733 1578 3423 3296 1396 2150 3911 2018 4505 2244 4491 6092 3313 563 4317 624
