237 11 2662 275 1517 715 664 2498 1984 2246 1595 265 996 1597
237 283 1039 2384 2151 1245 1618 64 2230 2145 556 2165 653 233
1182 2649 1039 1910 823 2488 1150 112 2163 973 2095 1391 1878 1750
686 1976 819 1718 823 1591 263 112 2163 1555 1815 492 1878 161
98 2236 812 347 823 1926 242 145 2247 27 14 774 2363 729
2070 123 812 1309 298 1926 2276 1919 1759 2245 14 735 1121 744
1452 219 812 1488 41 1918 625 1919 1897 305 52 1411 1549 744
1452 2272 2159 1552 413 1982 1380 2546 1344 1619 1491 2263 2525 1192
905 1670 1509 1911 751 778 1380 2128 1497 37 1637 832 2341 2351
749 730 1849 1911 751 1598 1954 2382 997 1242 1637 1349 1623 1071
1798 730 15 1077 977 1598 2279 565 127 677 2051 1001 1757 165
2176 2515 950 370 1408 205 570 989 898 174 912 177 1264 776
2527 2515 1181 2139 1408 775 1457 1662 294 174 579 1908 308 1161
899 1782 210 2139 1005 2433 1220 1662 101 174 2116 1128 6 469
2455 454 12 351 2443 2433 747 2054 2227 2296 1852 96 287 427
684 2113 12 351 1454 2564 747 2183 550 2296 1636 1768 287 111
1813 2234 12 61 1454 361 1836 2183 711 1941 1935 1995 965 1044
1813 110 567 1599 548 361 1836 1938 1311 1941 2401 1995 250 1646
2500 349 260 374 1288 1814 1719 2370 572 2534 199 2640 1292 1339
705 2359 260 941 1729 1376 1719 1612 124 1049 402 2494 1516 354
1419 2359 1151 2506 1433 644 1303 97 1319 953 2251 1841 342 1673
1447 503 1151 856 1109 508 1303 787 632 1526 522 2328 271 220
1447 1607 2205 1589 1109 508 2533 787 2556 609 1628 1405 1366 2591
2017 1607 1356 2156 421 2360 1485 1481 1243 571 2099 2144 1366 243
432 2026 1356 158 2018 786 1664 228 1317 2634 782 2264 2554 387
1760 2026 272 158 2018 786 1664 362 1504 971 640 2622 602 2367
692 2599 1379 1160 485 58 481 1557 656 2320 640 746 1074 1363
692 2599 588 1160 485 1193 1752 1218 442 2320 1528 1900 2306 837
692 1663 2422 1160 172 1677 48 1440 1706 1635 1528 2169 878 1130
2022 722 2422 2479 2619 1015 2228 582 603 2030 2644 264 51 2240
2022 825 2422 25 2619 230 396 2439 1041 728 1822 2333 1207 583
2345 825 2002 690 2453 511 1962 45 527 323 2180 451 358 2303
628 825 1806 1642 2453 511 332 236 811 952 1594 764 1651 2107
224 1417 1393 748 1966 399 620 236 811 2660 683 475 156 255
224 1383 1393 2027 1284 1436 443 353 768 1195 2532 578 502 1013
1513 1175 1735 1746 741 1620 1211 1514 317 1873 2499 1875 1060 473
1901 1669 1147 1746 706 709 1211 1312 1066 1823 1940 1893 1801 1621
568 1669 2289 2297 1571 827 1211 34 2031 867 252 171 740 2331
2378 655 2105 2297 1571 2142 414 1462 312 304 1657 2042 1498 1960
2378 1381 2105 2503 415 2142 2614 569 2162 1882 1657 2042 2305 2469
2643 1080 831 77 817 16 1862 537 1132 2111 2082 771 2561 23
2643 1080 1438 1723 2302 338 285 537 1067 385 2229 2131 2524 92
2553 2492 1584 1489 1293 1412 2327 1070 1067 262 2229 2430 1937 2140
1385 2492 1584 1489 355 1412 1210 2196 2521 1330 2038 2020 2572 1410
1385 2571 1177 1489 1450 2560 1949 2319 672 2454 2438 2020 2600 972
1559 2571 694 2373 915 1 796 2319 1743 2454 1842 1135 1523 1876
391 2571 465 1831 2346 26 2646 240 762 2158 970 838 1907 2375
1446 1212 2202 2626 845 428 2295 326 928 1301 1062 2607 1907 365
1237 2221 2383 249 2636 1783 1320 29 734 1952 1285 65 2612 698
2093 1268 754 249 1129 1783 1359 2013 547 1952 1073 986 1486 1010
5 1912 1575 1626 1289 2601 1522 2656 1747 1494 2310 794 1442 1019
1795 1091 3 2448 695 1072 681 1932 966 214 980 902 2609 1725
2309 829 1407 1778 606 2461 2470 1811 966 2530 1287 2388 429 417
2309 829 1407 1059 606 1758 1518 959 1624 2509 62 2437 2468 1846
1556 657 2548 1059 2440 2118 635 959 2033 1040 1892 10 1048 1800
1556 204 2037 1382 2440 1671 79 1730 1785 1586 2058 246 113 225
963 506 1235 69 2404 2223 135 2349 2648 1200 1891 1568 2573 2284
1742 506 1235 69 1333 134 2339 1660 2178 1362 1920 2585 1054 1805
1544 1086 44 2465 273 2624 852 2075 2237 945 802 1712 750 879
1639 1951 1461 727 757 2003 2040 2075 1812 310 2009 1021 2315 2184
435 1832 1898 918 1396 198 1698 2075 1532 1441 618 487 1776 2281
435 1832 773 1145 1396 2047 2186 1567 1532 1100 2226 487 617 38
598 2662 456 383 2520 1547 1903 1448 1780 1595 1884 2493 1858 2222
