23600 23307 9624 14376 20454 2911 12132 8161 11577 15629 26148 13612 25770 5961 25592 28222 22542 25879 6012 3617 8368 24989 20728 23112 6087 15620 8184 24563 6937 11548 11974 25431 8526 16971 9140 16730 22359 23006 9218 22844 3171 5590
25927 8169 25384 2659 20454 11133 2412 8161 11577 15629 431 9672 3735 15170 25592 22026 10224 14135 9059 406 27952 27164 8890 24302 9775 19377 8184 20174 13453 25960 7973 18102 25554 12573 19534 11141 3281 14889 1420 9907 44 26833
7002 14320 13545 28402 11755 4722 12692 25670 10024 184 28455 20639 23757 24835 16240 990 10837 6580 9059 1269 20663 27164 8890 24302 21457 23473 146 19965 21722 25960 2398 10946 1678 14334 8986 23549 3364 9799 11935 1828 15959 20432
7002 11503 27849 18893 14185 14159 4861 8703 10024 16202 11308 20639 2689 24310 10908 990 15638 838 20483 22848 23495 24498 16904 24302 26850 13534 9886 6691 67 9861 19772 685 4097 2524 26585 15237 7765 24474 7233 3833 18287 27768
7210 11503 27849 16022 20864 25677 4861 4414 27170 18383 19925 2164 1102 18563 10908 24149 20833 3642 16559 22848 17466 20539 18995 6499 26850 27268 21667 7662 14074 7922 421 3687 8239 15198 24981 15237 20272 26411 28215 25566 9085 22962
7769 15911 27592 26582 26052 89 18742 11620 3482 2962 14775 10352 1102 13884 17550 12677 3004 3642 13277 22848 10743 20539 1713 18074 10568 6386 10186 8523 6670 17135 16873 10408 8781 8866 151 23748 1920 13021 23606 4147 22594 1126
4756 15911 16074 25499 13711 24293 6604 24253 18899 2962 21524 10791 2384 13884 17550 12677 28498 570 1315 7567 11365 19822 24247 18074 21139 6386 7525 8523 13272 6234 27343 15474 8781 28404 3419 137 3703 13021 15438 14236 3403 27484
6161 15911 16074 3306 19423 13344 5512 24253 4040 2962 10772 9164 2384 4371 13906 10868 14564 570 23813 6406 22369 24957 8672 15965 12218 6582 21001 23543 5531 6234 24882 27956 24529 28404 26945 10394 18695 4123 18909 6408 19531 259
6161 12675 15589 4232 19423 7164 25851 15759 12411 2962 10772 27922 26748 23780 13906 6412 27792 6233 18826 5982 182 24957 5522 21597 17581 22499 26580 15617 17245 24825 5853 26501 24529 9180 22384 25434 21978 24827 7561 26784 19826 6845
6161 902 15589 12387 18 7164 5092 17511 11302 2962 23095 2214 25072 22995 13906 6412 15390 11390 15605 5982 11812 17915 14244 5150 4541 12313 23832 21989 10669 19625 27847 26076 24529 18134 19794 27772 16003 13561 6593 4270 24194 320
25739 902 4677 5401 18 8958 1178 26111 21289 26750 7256 15433 25368 22742 7219 9141 11142 8589 23445 2815 7681 12627 11333 15330 6185 11584 12178 23579 10920 14039 27847 23686 84 12201 26023 6851 16003 18429 10647 23567 13493 320
25739 2076 15794 5401 14513 27147 2267 18816 1450 25367 17721 24620 26320 19391 25693 9141 14317 12024 23445 14304 24922 2021 13418 25755 10202 14248 19314 6170 18973 28312 21029 16555 27738 1214 16523 18791 27357 18429 4595 22274 27612 4116
16545 24514 7801 14025 16467 5634 5938 3374 316 22070 14356 24703 25176 7286 12131 21784 14317 1409 10159 14845 19440 11369 7675 13469 18124 12569 15551 5601 22218 2474 7802 27693 27621 1214 25314 27589 13654 15740 13030 11783 22382 4196
1033 19790 24367 7122 22818 5634 790 12166 316 16747 12012 1913 11861 7286 12131 5809 19503 27993 16567 14845 27506 11369 25349 15440 10730 23692 18067 22827 19589 2474 26495 28029 24062 7630 23909 13918 26737 1556 22870 16301 10405 3691
9936 9902 9784 17300 22818 25414 14723 13086 3111 2724 8738 17921 7590 11776 15402 5809 19503 27993 9905 25459 17389 23850 8257 26941 6710 4326 8843 6706 13236 21652 6355 10366 23902 23231 17821 1452 10769 5348 9492 28217 13925 20284
4025 27382 15766 16471 18087 25414 28148 26813 3111 12204 18081 10193 25994 17986 22021 22768 19503 13111 15105 8286 9698 15647 17886 26941 17198 16476 23192 6706 5224 21790 777 13405 2536 22886 13756 14204 24755 10167 713 23658 5678 5534
13639 19426 14611 6951 26735 5980 28148 14765 4701 1115 5361 24519 28294 17986 22021 22768 9034 13111 12031 19148 25000 15647 15680 3211 13671 19069 23192 10469 8335 21790 777 25029 15439 17755 16026 12274 24755 12688 996 7845 26489 11258
18064 19426 14611 21519 11456 15778 13215 15096 14106 4124 3805 23063 158 4366 19692 26050 16754 4430 19149 25833 12624 5120 17653 1719 23847 19069 28194 16023 22180 15713 2131 13909 674 1179 17801 6847 21772 23041 24506 23390 1773 13061
11980 19124 7030 7540 14662 16741 7021 22027 7019 6766 1127 23063 10374 19122 19692 26050 16754 24584 9270 18214 12624 19723 4567 19909 2447 19570 28415 20197 7047 17640 2131 16059 4283 3146 7829 7701 10631 10328 16076 4492 24775 2441
16518 19124 7648 27874 14662 9132 26232 21674 7019 12901 20696 24978 6567 16412 7864 26050 17440 24584 13074 27107 21712 648 4567 2539 14938 3170 28451 17726 8842 21726 2131 4083 22089 18303 6218 22485 6188 837 5191 3814 1689 20838
10142 15716 7648 27874 14662 9132 26232 21674 7019 595 1230 24978 24319 17190 7864 21837 7957 19252 13074 1607 1370 16989 22842 2313 7754 1032 26222 11208 1024 8384 16946 23394 27218 23797 5203 22485 13972 23161 26716 12055 7009 20855
16826 11724 3583 4788 14899 3412 26232 21674 7019 595 1230 14395 28238 5718 22241 18565 8271 6180 8396 28020 6096 19823 22421 911 5870 1032 21339 7689 1024 12996 19462 3945 4893 23571 5203 14369 16171 1530 21498 16120 26430 3599
20230 9430 3583 3536 1165 15646 24166 1681 4625 27139 12382 14395 14639 14073 22380 18565 19330 6180 22103 20262 25734 19823 6428 911 15011 18457 12363 28396 26113 12996 26704 11296 28175 13511 9869 3001 11617 26533 9924 20961 1862 21707
24471 9430 17087 20001 10143 15646 16586 1681 4625 27139 20910 26383 14639 14073 5195 19983 19330 4805 22103 20262 14520 12506 16248 25191 9240 13213 16058 26107 24453 17911 12709 19000 8480 13511 27153 16267 4016 21304 27138 797 1634 12941
17778 25931 8607 18422 1404 1798 4806 20744 14548 27139 20910 6561 2838 13290 13514 9374 9887 17186 26408 16960 14520 6282 8643 25191 5784 19257 10510 8212 24857 20202 15274 19000 4148 4334 27500 22934 23214 3309 3550 4150 1634 27176
24050 2135 11421 18422 1404 1798 20800 12676 11053 17824 20910 10395 8430 13290 8114 14394 6518 17186 20192 6324 15199 4785 19557 8632 5784 26421 10510 26512 9358 1112 12186 20634 4148 27547 12897 5638 22999 3309 19697 16955 25357 22817
17789 3437 6797 20217 24518 6692 16939 5153 1026 21810 9585 10395 15488 1762 12890 24204 6518 20240 8268 9484 17131 21729 27560 9551 4171 2005 1632 25710 24016 16949 7536 17980 17524 8566 10127 544 4449 5084 5254 2042 7221 6194
17789 13366 2676 4157 16894 9929 16939 22982 26621 21810 8718 27990 24163 13700 27963 23093 12268 6709 2012 15229 15991 24605 210 9551 26376 15943 10438 16167 4632 7467 26749 21065 7673 4552 4828 19811 22191 19041 3264 14749 3885 7556
3999 6556 20528 12921 4032 7589 26034 3106 25005 27424 1808 26197 23570 2014 27963 23339 391 6871 2012 8000 18892 18858 1268 5540 16993 9022 27236 7153 21309 1519 26749 28507 11867 9306 6529 2278 12755 17102 21105 25845 10659 16753
25772 14165 17449 12921 22288 23940 27213 17605 18430 28499 1808 24821 15956 2014 22258 10821 23720 15004 2012 8000 16637 26334 21440 5540 14280 9022 27236 17544 15814 1519 7244 18021 11867 10922 20484 16002 3606 17102 7598 17532 25920 1484
19008 14165 21982 5039 22288 25793 18732 19787 18430 18150 27144 1252 21397 20391 6693 2091 10212 15701 485 18456 2025 25909 13284 459 4036 7084 13298 18884 25332 12613 8442 18021 17661 10052 1781 15029 5310 3792 21813 27859 10601 15141
5746 14165 12602 5039 25836 6981 7284 19073 23258 1569 27144 1252 17312 15668 10258 818 18149 15701 22392 25706 12672 16405 14075 15478 9242 4402 4038 23602 24444 16831 25007 28450 1455 25490 19416 10963 5310 12022 22697 23558 26024 8166
5746 20531 8102 18010 25836 6981 5775 4988 21385 16679 2195 5369 17312 15668 17666 17802 18934 21587 4186 25749 8564 16405 26587 2094 11726 9529 22319 7522 6715 19590 21335 12815 17371 6237 26436 10701 15846 21221 15925 10649 17307 20221
5899 8195 5139 10642 25168 24252 5775 10975 12735 7272 2195 26633 10306 17642 17666 5568 26268 11489 4323 23583 2585 27883 20921 2094 23924 25782 8799 14070 8963 15877 28220 18792 4851 20709 18721 14941 15382 28459 13519 21151 8517 13960
13817 6808 10554 10642 8481 24252 24754 17353 12735 13893 19411 23425 10306 17642 11843 27834 619 11489 4323 23583 19553 22154 26775 2094 26099 25782 8799 26506 8963 11698 1447 22415 4851 17346 9738 5382 25320 26252 20477 26780 12122 7631
159 11480 5616 10642 12621 24269 20569 13011 12653 13893 13045 9616 23818 24057 21841 25875 11865 18307 11658 17786 19553 10017 1980 27395 12141 8076 8692 10892 27581 11185 3262 11920 5325 28099 1476 27619 10777 27353 2030 453 21299 6033
159 11480 20764 1462 6187 24269 20569 26962 12653 21191 13045 9616 23818 23174 21841 5351 11865 25120 12923 16542 22082 19889 9727 27395 8125 26979 3944 10892 3981 15223 5596 25262 14636 16800 1476 27154 20742 13181 6378 24183 5343 16143
159 12953 17751 18244 19984 10296 18506 26028 12653 14652 18836 14378 27035 23650 20397 22837 12165 11661 4133 24665 4773 14771 26265 8671 15203 6031 22639 2287 600 15223 24955 6275 20149 25259 12436 5311 2557 21736 531 28378 12125 22599
1866 12953 17751 22115 17549 3984 14989 3050 15993 12298 2242 8351 11996 27793 7993 16251 11931 11661 989 25017 20953 21079 8855 17606 15203 24146 11276 2287 6688 10044 24101 25436 20149 24679 12523 12003 22847 22172 24283 10537 113 7913
25003 10646 14151 22115 14134 21751 19789 11391 16970 5064 6625 8351 9943 14854 7993 25444 14579 11661 1014 25088 18011 21079 7489 1103 2127 11021 24836 1895 2503 7326 24101 13026 26127 17984 20460 9040 12844 5762 13931 12773 5859 19740
25003 6208 3468 1142 21942 20510 19789 3053 16970 21087 12351 8351 18591 14854 14868 22694 14579 1239 14233 27804 18011 21737 16938 969 1794 11021 6868 7278 14226 11412 26381 2891 157 17984 18248 9040 25481 19539 13931 21995 19673 26296
28152 6208 11909 1142 28349 18160 11430 27850 27291 20304 28047 3676 18591 28353 7387 21473 8276 21690 14233 3265 2349 3236 22660 11364 10710 24699 6308 7278 16953 15534 1595 15793 27828 7586 16535 16133 25006 19539 6504 18947 11578 13462
13212 22725 11909 27684 20572 10536 1389 18754 20808 20304 17452 16293 18591 5468 4298 21473 4226 21690 4629 23829 18715 16154 23439 11364 24291 12982 21358 7278 23553 25978 26122 23218 23488 10994 24803 20112 15570 19572 11558 19887 11578 25207
13212 22725 17879 27684 6694 4618 1389 18428 20808 17793 24447 25308 15774 5468 4298 8639 4226 5802 3062 19705 9316 23562 25164 716 1163 12982 467 16100 26835 194 26122 21353 5936 9666 24803 4129 11937 19572 26643 12297 19406 14108
19292 11047 10678 1424 6694 14264 1389 15307 2514 6858 18574 22534 1668 10607 4331 6024 125 21909 14099 12496 26200 16857 10505 716 24867 16073 467 7279 20289 21858 27966 13286 16562 26656 4584 4129 11687 7013 23982 16756 27997 23241
21210 28304 1724 12912 26910 2571 10577 12913 13765 6858 18574 22534 17328 10460 27072 3749 125 21909 18586 2979 13311 26700 26240 17231 661 10596 16348 14680 17430 21858 21120 19010 20019 1353 2543 28052 20820 8817 26569 28048 23869 5422
13043 21554 24713 6707 20934 2571 18458 12913 16145 17757 13167 19376 17328 10103 27072 23838 6173 15371 11505 1441 26579 855 26240 20611 4856 3500 27008 260 12451 25874 5210 20821 7380 1353 28043 25430 18696 21096 16385 26931 8959 10998
13043 21554 22250 6707 20934 24158 18458 12913 11472 17757 26367 19376 9341 10103 27072 21720 14329 15371 18948 1065 26579 10196 3526 26095 4856 2271 1731 19304 9379 21615 17233 12881 8308 865 289 22685 27448 4886 1122 26944 22606 2035
27280 24695 3138 19878 18727 1297 18458 24107 19083 7295 13745 27795 18713 7485 19611 23290 22307 3919 14069 8895 24442 26976 8094 26095 28012 20677 1731 7565 24410 2698 17233 20168 3932 11784 289 20114 8012 7635 741 3975 13105 21639
19475 21371 23881 20549 28128 15491 24259 6975 13130 20071 7424 17103 18713 5799 19611 24961 18263 13558 19086 23087 24442 6755 19985 19597 1686 513 3727 4292 1337 24599 13767 23291 7075 10418 16615 9478 7876 13099 1907 3285 17319 28198
17852 26537 23881 22804 9788 15491 21126 2924 4940 8157 9841 17103 9797 23110 10483 26149 19486 13128 9087 15231 27725 21034 14012 24025 13888 513 22428 22311 6569 20181 4752 10063 5388 7692 16615 298 5157 18055 1907 7888 8372 23864
17852 27642 26563 22804 11168 20380 10177 2924 24875 4142 2745 23389 25147 23110 10483 62 5415 24494 27341 17557 16372 12093 14012 11318 8098 27097 22872 21654 3912 5286 15666 14326 18779 17290 24764 7513 15637 18055 17154 6880 14457 25722
15912 27642 21763 2092 5560 11245 13777 4666 24875 4142 27745 16431 25147 11862 9187 12056 7717 20213 27341 12800 14794 24173 23763 14298 8098 5648 22316 21654 655 19143 28401 25912 2034 26564 13046 17339 24191 8930 16166 21308 18203 16631
15912 27642 21763 13483 2899 2050 10 4666 26654 19858 13091 3341 9928 20259 2525 17878 25482 14641 23155 12800 14794 24483 14815 18344 18437 27028 2342 12952 11579 19143 12317 17667 9741 868 18882 17603 18615 2057 20568 13942 27951 6022
1121 23877 24704 23150 7498 26030 10 1861 26654 24177 21535 3341 9928 16912 3943 9336 19193 20194 23155 3141 8942 24483 24249 8301 13449 17735 2342 21766 12189 10464 19957 14947 24594 15254 16620 26045 14116 25336 27700 24537 22402 20959
26536 19756 27162 27385 7498 18032 25389 4950 2928 24177 5507 21336 7779 329 4831 27685 19577 10316 2733 20330 24664 19761 11454 17397 2257 27009 2342 18189 15705 24642 25678 1697 24864 5169 20368 25051 26083 9432 27700 15944 5439 17063
8379 19756 27162 17382 4194 18032 3394 4950 11552 12102 5278 1747 7779 15958 1348 28326 19577 4900 25028 20330 12576 7763 25860 17397 8915 27009 27182 18804 23674 24642 15064 16150 24864 23405 1603 5957 14930 25206 14768 25196 11621 6903
9157 20749 4408 17382 4194 14198 2468 11216 18592 9626 15383 1747 25844 19901 27191 24693 19577 18140 189 4512 8905 18752 25860 20691 13672 24017 907 16233 9443 14230 12695 1699 24864 8454 10719 2264 16410 27212 13067 25196 11968 11551
17736 4382 15973 5827 19036 14198 2468 11216 18592 2275 15383 8640 25844 13991 6317 14076 15134 7292 22904 24580 489 13955 230 7611 12249 24017 3539 3099 9443 24396 25338 24949 22048 22062 28292 785 208 1367 16511 15596 13073 20583
6554 18044 599 17118 10840 14198 8428 25249 23067 17386 10640 8640 3446 13991 6317 14076 23393 20434 22904 23357 27122 20580 13692 3543 8484 11857 25049 19886 9144 25186 8834 1001 11574 23117 19353 22527 208 23113 8022 15044 8254 4454
26441 261 599 23498 23704 23655 7506 28340 23067 23645 10640 3490 8796 14049 11616 5575 24257 12529 12026 6471 27122 28460 9802 5941 12909 4192 9123 23669 25997 256 14990 27310 25580 9676 19971 22059 20485 2085 12932 8241 9237 16937
4058 18717 16230 16370 18119 8025 23122 21921 2560 23645 6018 3490 8796 18435 11616 8558 24257 6523 1555 16595 27122 28460 20109 16722 12909 530 14246 12370 1388 4429 21378 24912 7712 1533 19971 1620 24052 6600 21685 11425 14482 10826
4058 528 16230 23018 18119 16602 19926 26005 25524 20975 18956 3145 8796 19501 11616 13401 3008 11860 1555 15100 7094 27442 12413 23253 26934 2897 21255 3095 7106 21187 6756 17151 19841 1533 15659 11605 9683 17055 25446 6221 14817 4316
4058 25426 16230 27837 1725 17947 9248 2588 24753 16189 16656 16952 5644 928 19317 22828 17752 17813 7953 24840 24806 21426 4532 13717 2664 16566 17333 25076 13477 17093 14878 12517 3808 4799 17005 16940 24079 15988 2590 27683 13650 7747
21205 23848 16230 9480 5861 6230 2495 12617 4285 18061 18028 10317 26463 7549 19317 6051 20037 9826 22959 8827 24251 19645 24795 17329 2664 19733 10720 25076 6690 23434 24920 13770 21683 18231 1048 12936 15187 14251 23598 26164 28144 9515
9508 5202 3725 12788 28116 6230 9942 22713 20642 13522 18028 10317 25242 7549 24500 798 12193 8634 23426 2215 292 1181 24795 17329 7262 16138 16750 2281 22341 18038 18985 3569 16011 19099 19191 12936 15187 500 19550 4305 24070 24481
9508 5202 3725 23422 28116 23437 9942 15982 3094 4065 16470 26038 13390 1362 8858 1318 4291 26243 12960 18720 25276 10949 21067 20513 7262 15980 21849 9104 8193 24211 19259 11915 9444 26065 26609 6591 11175 7135 7988 22302 3222 20184
21708 3633 27630 11976 25914 5269 9942 27037 3094 4065 3495 10615 27248 14137 12935 11011 9364 7039 26187 10876 23698 24876 27351 20513 17627 21952 6534 9104 11342 4200 28205 22558 9444 9053 24081 13685 5759 9482 6359 12623 15824 24992
17591 8252 13759 10599 25914 17237 4239 18049 27715 8768 847 28465 16549 14137 5353 11011 23446 6314 9884 25519 22658 17688 13185 15391 17627 22158 19131 3083 11342 163 18904 27302 3578 1105 3455 13841 23169 19519 27273 28204 12690 20130
20441 7120 13759 10214 27190 10454 4239 12494 25136 14998 28475 28465 11734 8003 6973 6226 24325 1872 6050 2711 22658 13088 13185 24105 8553 19936 23036 2062 20005 25218 14853 14979 2949 14608 20411 21550 12532 2653 5252 27867 4393 24354
2423 22836 45 1392 27190 4715 4606 28281 17368 14998 15008 19791 11734 8003 28447 11520 22611 23073 12229 2711 23995 4765 22054 24105 8868 1483 1327 3659 19792 25841 1335 28303 2949 19494 25667 20995 22140 27449 9803 12830 16050 8323
21290 22836 8045 27429 26284 26481 4606 24484 7397 13714 15008 4601 11734 21656 28291 3259 508 14763 7302 16880 954 4765 21433 5626 6327 25808 14512 23786 2247 18493 4337 16270 14725 4820 2881 10318 17679 5536 11559 1374 17034 22945
21290 26285 8468 12066 26284 25401 23458 18273 28178 15022 24651 26815 947 18115 2887 21620 7374 14763 19642 4309 954 4765 1869 27152 4416 23487 20067 21569 18048 18493 19506 10513 21022 21567 15609 24534 25450 17394 24459 19636 11623 18016
6141 26285 17215 5008 7639 13921 19853 18273 7275 18321 24651 22060 947 18115 15621 15690 8596 2167 24843 4309 6405 21178 8467 18658 331 11689 12403 21569 18048 16717 6002 15252 25135 19870 22491 18542 16330 1800 15457 6400 12280 25424
7216 12872 16199 19436 21571 21177 13123 16360 21228 15544 27562 20626 9987 17504 15621 15690 12820 24750 22215 15281 554 21178 24711 486 25940 12554 15593 27081 16407 5454 18769 8527 5471 19362 16191 11495 12205 27286 10430 16991 25751 17608
9998 28264 24532 6349 13747 1069 13123 2149 7408 15919 17680 12203 4443 16599 7283 18213 17380 13355 14412 24218 554 12832 24711 3701 25940 2109 24381 16077 10977 18903 17175 24037 5471 4178 12840 22900 19160 1877 27242 25890 12817 20035
27374 28264 21539 13990 3369 1347 1977 2149 3716 15422 28438 3596 11461 16599 7283 19525 11259 10807 1979 3773 14083 25586 9748 3701 6135 24943 24381 7912 23046 7768 15685 18463 22390 1201 5810 19544 19084 2333 22391 16876 20899 2353
2858 28264 10532 19396 3369 22647 15654 6330 1491 28503 17698 23361 24027 13661 7283 16195 11259 9351 11015 16630 25352 17283 15859 9580 12424 17795 14984 9992 22595 2466 13591 10031 20159 28325 28429 16594 5400 8969 16977 7008 20899 22586
20508 967 10532 15142 3534 19915 21923 15343 2134 7799 17073 12592 24027 15595 13939 16195 14404 19427 913 3406 10584 9050 25122 9580 8077 9016 25522 10135 8706 19804 11020 20039 4658 24485 26273 236 15564 8969 16840 4329 6643 1153
24298 9892 13946 22792 8820 19915 5294 15343 21273 7799 26550 24621 14758 22906 13939 25982 11167 19427 22209 16660 10584 25108 2319 25892 23597 15081 13454 2594 5172 20753 2621 28053 13886 17111 8163 11176 6638 1368 11612 8312 17246 14493
13707 9892 13946 2687 8820 19915 5294 6274 27127 8431 26550 20471 4883 9656 8387 19226 19364 8598 9982 19315 17049 16393 10849 25892 23597 13288 922 2489 4152 20753 20773 25979 1254 10589 25574 14802 6638 16463 2044 19905 21623 4195
13707 24524 25442 19521 7945 15837 16954 3778 291 22364 4461 27765 2018 19328 4872 1050 19364 28423 19757 7328 17049 16393 7155 24023 17733 8181 11370 3105 24810 2696 23595 16682 9917 10589 20824 14418 9935 27513 4647 980 15934 7024
28454 17429 8816 14957 6810 16928 11964 3778 201 7171 4461 16226 2018 19672 4872 15700 22090 7508 19235 3371 15359 16393 14199 24023 4304 6106 23587 3471 17707 6741 14034 6459 9917 21682 12460 28317 9935 15937 27135 22472 13829 9438
25183 17429 27358 19060 6810 22740 5556 17403 17595 23764 27954 19748 2018 21329 5999 9940 25824 3032 2262 6093 15359 10663 5950 4684 2982 10690 15461 19931 17707 8907 12158 19677 26500 11037 2219 28317 17062 19945 5585 20079 19175 10779
8189 17429 8985 3641 8883 5831 22227 15897 17595 3104 21330 19748 1485 7832 23611 116 15586 2977 13006 22063 5632 10663 5950 20038 6765 16863 578 19931 1890 1944 24807 24774 14848 11037 4465 9186 8654 22489 2326 3980 20281 4166
8189 17429 22961 13595 14080 10254 21627 15897 11478 3104 28298 12458 1485 7832 23611 15215 720 2977 14567 22063 12255 3830 17110 20038 14452 16986 21785 12640 5901 28284 9868 28318 8438 21373 25089 13793 27917 2807 22867 26929 20179 18185
13155 9474 28311 5931 27995 5716 24697 23796 3645 26607 7384 21368 8734 17912 25736 15215 720 6974 14567 22063 6104 3830 22242 11298 3231 21224 11253 22786 24120 775 8429 3109 21042 13379 17620 13793 19667 8848 9445 15128 12285 19075
13155 9474 12531 5931 26078 13410 2605 24028 20389 13028 7035 21368 6444 16612 3230 5722 27618 21155 14800 15103 9094 9129 23340 24516 21861 21224 2735 8744 24120 23760 8429 21268 1283 8059 8341 16861 424 21174 19319 809 2826 16340
16827 1454 22412 17675 8557 13410 28235 18359 20389 13028 7035 4046 22775 7734 10160 10816 10570 10652 6301 19103 25958 7818 1513 457 21861 1899 27317 28267 22876 6950 23675 24738 21060 3392 5381 16861 12352 2209 27676 21175 15516 1850
675 1454 22412 4056 7528 28278 16213 8791 28478 25454 7035 15511 18112 2669 5392 6836 4470 13783 25105 4845 24123 27790 19730 7902 3276 1899 13907 18768 23963 6950 1517 10474 24497 25055 22604 10771 20215 4830 3850 13488 21249 22763
8211 5777 11344 12462 7528 15707 14389 8791 3486 20325 13853 13528 14299 19183 9744 6836 3839 1644 3709 7014 17508 24586 19730 7902 13716 25502 3031 18768 23963 14740 13680 10474 17112 28425 22604 3463 8079 19203 6873 22234 22287 1311
27146 19967 4248 4641 20116 3346 24744 3938 3486 20325 27071 26403 20452 11752 5993 20260 22100 16474 1260 12958 26121 25650 21263 8348 2230 104 7447 3872 15893 25074 13680 582 11244 15272 13266 9305 10226 15211 16332 20733 7156 24705
27146 13214 28299 4641 23330 21929 10789 24225 22703 20325 26209 24335 20452 11752 26600 20260 8200 10092 4324 22002 4027 14842 15318 8348 19929 18183 26041 19665 17036 26063 14333 21207 11244 19184 27314 9305 20578 2307 14401 7667 17871 24511
11888 21494 28299 15718 14545 24433 10789 24225 22703 13835 7834 16941 19042 18037 6101 26581 9952 4231 25281 24205 24777 6869 9048 24140 23779 15815 26041 8174 5847 26063 6681 21207 16110 20444 12851 14004 27056 3770 11387 26834 27973 27066
11888 12919 23141 15718 27509 19508 7361 13708 22703 13835 7834 17499 26183 20561 6101 25897 13726 9817 27017 16806 24777 20657 4017 26828 13337 22992 896 9079 18249 13571 7067 24427 12106 7831 17079 16694 27056 14967 19835 3545 17298 8486
11888 23009 2951 20924 8586 9591 8955 21618 8040 3798 28431 16045 26183 8097 15691 24872 2989 24718 25904 16806 4191 20657 13556 7322 9684 6242 3952 3235 27613 2488 13838 11809 17351 7831 22711 16383 7214 4068 16408 23043 17633 10786
11888 23009 7964 6344 16105 25090 8955 21618 3846 3798 28431 15920 12567 19468 15691 25778 15295 26838 11003 21269 4191 361 21752 7322 1248 10738 3883 23507 27613 15708 22545 11809 14005 7831 1098 16383 25079 7391 11960 10776 6996 25581
1682 14191 21394 17712 16105 25090 20935 16361 3846 1393 1096 19805 28276 19619 6043 25778 22092 28005 5635 17669 26673 7976 21752 8023 24402 15854 3883 26163 18914 15972 1253 12103 2542 13504 3777 3671 26298 19647 13403 26697 8585 24505
16992 11624 21394 24090 12969 9475 1494 16361 23975 21973 1442 19805 15218 19619 6043 3321 22092 698 28071 21179 11299 3762 2007 8023 8170 5101 18724 5221 13051 10294 8775 10953 24443 2069 21974 5724 26776 17192 449 12574 14188 22879
16992 11624 12699 13407 24320 18301 7077 1688 23975 20203 12896 5011 14492 5805 26591 25872 5819 21048 28071 21179 24965 7743 9286 268 8170 3528 20693 16922 2434 6302 15719 2334 16238 3433 9267 746 24852 8117 16849 17505 28095 3698
16992 13820 6293 13407 21109 18301 7077 11089 24517 20203 14460 17849 7303 258 8693 12546 5819 21048 10795 1036 21083 2761 2692 24648 8170 2223 27798 1041 4999 11631 28432 10784 4203 24865 2391 27252 16778 5733 3026 6629 5984 28308
13512 9801 870 23059 28360 1892 25889 18704 11492 20203 18191 24884 24401 347 8693 20896 17785 25619 10795 26870 14970 7532 4657 14088 8170 11789 9681 26544 26635 11631 311 10784 1085 180 24110 27111 17211 15245 5546 1034 28376 15232
13512 11251 870 6900 25400 27515 25889 27882 25621 3491 12790 18121 16745 22293 20850 22046 17785 635 27848 3131 14970 8034 4657 19487 8840 11789 27447 181 15225 25604 311 8136 23420 17292 3127 24773 23854 12215 17158 13151 9762 22562
13512 9821 9573 14193 21851 27515 11673 23798 16386 24106 16175 5243 11496 14094 22466 1898 11359 3831 20504 16956 14970 8034 17526 3253 8840 20655 26301 7020 23816 23493 20616 8136 23420 13640 5878 1246 20453 8667 20844 14732 15524 15686
15317 6631 26687 16610 27307 21970 20053 17028 9030 24106 21461 23912 11496 660 8187 23697 26279 21130 21949 17820 27961 9640 10244 3253 16275 5660 6434 8133 4131 21363 28248 24715 28105 8609 5878 1246 21793 7813 8584 14046 2681 5417
15317 6631 4024 827 9255 23354 20053 17028 21470 4914 24178 5239 12696 21908 8187 23057 1553 20008 21949 19502 27961 24997 15579 27530 25750 4710 25411 8133 13174 3277 25704 8937 13559 18579 15600 25246 11663 22074 8051 14046 1896 10882
1585 18701 887 18930 9255 9601 23708 1876 21470 27305 8392 24896 20148 21908 119 3317 25742 20008 12915 24822 13473 25707 27744 1549 12520 209 735 25644 13174 27331 13606 27647 25162 3759 23756 16252 10687 14322 1135 2976 20360 27659
1585 19360 17376 18141 10210 1735 14865 14686 15224 15398 134 21188 6081 930 3159 16149 17704 154 18280 16508 23942 19473 21382 14734 3299 12975 735 15756 11224 2722 3785 27647 1984 21816 9675 10914 477 26576 2645 96 12660 23501
26458 23299 17376 771 17149 1735 14865 19415 9736 17422 134 21188 9981 24391 3159 6838 23830 20199 13609 2280 23942 22012 26947 14734 19542 27691 1891 23459 21959 23011 14386 13351 18299 1837 2194 8407 14896 23190 8053 18391 3816 11994
11793 23299 18502 2716 22107 1735 21821 20488 21512 27410 25969 48 17846 10673 3159 6838 11830 27397 4759 24144 11486 3014 16123 24180 19542 27752 20798 19350 4664 22655 6183 21504 24614 25463 18601 13913 57 695 10468 16036 23261 7438
26886 9476 18502 19114 22107 13077 19961 20488 2965 27410 3254 27717 566 10673 36 6838 14245 19788 4751 683 28002 3014 12712 26425 25702 1799 26799 12990 8443 22655 17854 21504 362 26058 17974 27596 18896 6618 6809 13822 22625 27718
18132 5071 149 26939 27084 3684 19961 3909 2965 3384 28313 27717 27381 4955 36 454 17829 19788 26636 14136 3074 14752 27853 5171 22393 1799 5597 17381 8443 22036 13322 13859 15413 8049 15627 23546 23801 2690 24363 23867 13976 27556
28263 23575 9299 19351 27084 10187 10942 25588 19808 3384 22919 27717 20089 330 24318 12616 17829 14192 22296 12733 5521 14752 1981 3013 7942 1799 21189 13134 18012 1690 22006 21455 19938 17503 24377 1656 27445 17894 10778 13593 25042 16777
16757 24159 9299 3136 27084 11025 26086 28354 12943 16204 22919 8770 20089 330 20680 12616 21552 10608 24886 1956 12787 14752 3776 3729 19035 2336 3130 24528 17982 1690 15091 14016 8670 301 25864 7089 12290 26069 11149 402 19702 1448
23407 24159 23204 9648 15419 11025 5695 16663 12174 23447 12816 8770 20089 5345 2359 12895 21552 17502 2824 25936 14296 15278 3776 5932 4051 2336 22869 26351 16527 933 15769 13984 8670 8707 2291 4685 19541 17922 19234 2107 15752 2517
1155 14822 11313 9648 15419 13601 9693 25556 39 17266 7507 8770 22446 18053 28131 611 5078 7202 17468 23494 12360 951 3789 5932 15042 9604 18401 3780 26820 12565 28069 22575 18309 8707 3812 9786 26672 17960 21906 23938 1652 9726
1155 24578 16918 9648 27247 23582 18171 15046 1729 12162 25628 12737 22446 18053 22908 7509 3614 8753 6574 23494 25655 10393 3789 7939 15042 4554 25803 3780 3908 1304 18580 16127 22016 6129 3812 14515 1570 26169 16183 18071 20564 15831
103 24578 25947 6484 9548 8880 18171 12170 843 5368 17776 12737 13395 10236 22908 17159 18634 18602 6574 17991 25655 702 28171 19284 5282 4554 23471 3780 11722 5949 3889 15812 10645 20489 925 10888 25226 5815 25128 13962 24603 25321
103 24578 8686 6484 23722 11013 22278 12170 843 24272 4073 13641 22782 5079 10334 17159 12202 1780 28153 16399 18812 3521 28171 664 19205 21901 12264 3308 5824 23768 3889 21934 26073 1277 23334 27045 21709 15075 9105 10624 22652 9757
103 7917 8686 4993 23722 23899 1301 5083 843 28015 10978 21853 3415 16320 12020 5960 734 9584 7994 16399 20627 9371 12650 1921 19205 27225 12480 20750 26007 2469 17487 28122 7524 28016 5755 13537 2792 21770 20732 15073 4357 7745
4638 13713 9334 15543 20996 17567 1301 21564 14673 864 20111 22965 11064 16320 12020 9606 734 9584 20523 17715 10621 14590 28419 15962 28367 22426 15052 14595 2177 6397 14234 26794 3166 5502 13870 22317 24533 2832 22899 17265 18585 22281
17763 4062 9334 13280 20996 27042 5995 27802 9291 18968 20111 832 18560 3248 7160 16037 12002 10075 897 13448 5567 16810 6480 3742 28367 14144 8129 2273 8656 437 14155 8892 14123 5502 26565 22317 25790 24653 26091 6432 24834 13930
901 8360 9334 13280 17463 5500 2501 9023 26342 18968 20111 14651 18560 3089 10598 16349 23203 1146 897 7249 5567 15717 9163 3742 18562 22212 10832 22340 1104 16306 18881 5947 1670 26002 10950 8375 14392 27478 2765 11813 17060 796
12473 15151 9334 3658 17463 24501 2501 26270 14792 25849 8877 24798 17139 12570 23920 19968 21739 23430 897 19044 23758 25970 17406 20785 23404 22212 13540 22340 23060 16306 23048 5947 9959 25681 28437 23026 4407 7693 2790 10863 23373 8083
23239 1994 9369 7706 23183 24501 24347 8214 515 11281 4095 8984 25882 12570 8537 17161 19575 8642 18172 18315 23758 10099 17406 22610 25024 13902 18210 28117 14363 21296 73 5947 26667 9223 28437 4079 6544 16128 18807 18242 14931 19133
23239 9029 9369 10459 15509 20170 3806 18878 14232 12614 17269 16737 10117 13983 28493 17161 4033 8642 7603 4707 23758 19118 28009 2237 22993 8039 2678 16657 18216 23777 17071 13799 16113 5019 5699 10467 11066 11706 9153 19003 27865 10028
16859 24267 9369 19743 27148 20170 10557 18878 26424 17523 2913 16737 6641 773 24683 11567 13175 11423 25107 21150 2497 26305 12361 28158 18052 549 9213 18130 23588 4327 26338 5442 4478 5019 13059 5577 6145 18771 18154 23651 27663 4267
2246 24216 14826 19743 14591 14675 10557 16305 8884 12760 27920 18829 6641 773 10572 26031 6911 13480 25107 21150 6870 12 14434 25468 12048 14703 10927 19737 19067 8369 26338 27070 9537 25193 11373 10859 13974 18883 2528 2784 2960 9623
26231 5788 22930 5814 27386 14383 16060 7237 12236 18107 26473 11117 2547 15125 26471 7501 25151 13480 9582 23876 13264 14239 19307 19466 2189 7251 14872 23002 4368 122 27568 23585 16841 1742 11373 14186 8234 22958 12741 13481 26165 2624
26231 8735 14117 5814 27409 14383 20882 24031 12829 26238 19678 17182 23090 13780 26434 6559 10319 16006 23866 23876 20429 25356 25498 23637 9710 8192 13228 23002 9304 122 16253 2218 11345 1742 11483 28369 9344 24508 15801 26407 14852 21311
6040 8735 14117 16067 27409 2485 6488 15417 22757 7861 10694 19759 27955 13780 4672 10592 26316 18406 28077 2504 11878 25356 17026 23637 8651 23729 211 23002 14779 15420 14272 22276 10820 26551 640 15841 13995 3148 16883 14546 19997 25326
26604 11405 21334 10029 2232 21919 19674 13739 4308 19202 14755 3822 27955 27365 6086 22011 9090 19170 16852 5347 19928 5159 17819 1060 14796 23729 5259 5958 13860 15420 28142 28041 6410 25235 16244 7022 6075 27891 23310 24647 11081 478
129 21492 11733 19062 22977 13009 19674 13739 5444 19202 28315 11384 20613 5615 6086 21599 14390 8894 20276 23304 8849 2015 400 1060 14796 13110 2985 24998 13860 10517 18462 9254 2066 21748 12211 2402 840 21430 7729 16872 14311 3282
22822 4578 11733 10120 22977 13009 13686 13739 28280 612 9287 1194 13864 5615 6086 23099 7267 8894 8421 27117 6921 2015 26088 3354 9283 26952 2985 1675 21238 21935 10473 20499 7937 18084 14905 18981 7555 21628 16353 7579 12098 3589
20765 26154 11733 26670 9642 6960 13686 10234 6943 612 19937 8357 11529 13139 24138 23099 7267 15039 630 16263 6921 6367 26088 5138 10803 7594 12938 15970 21238 21935 15562 10253 10966 18084 13801 22354 59 8321 1180 24742 9225 2529
20765 26154 19288 4784 9776 12701 13686 15002 19254 16598 15490 24728 24719 11157 8669 25131 4546 11127 630 14711 14170 12874 26522 10611 4517 14541 4140 9651 2721 13623 19214 6821 18481 17133 19875 16489 23314 13048 1180 26373 9149 4926
13352 18668 19288 4784 9776 4811 26098 15836 9296 11561 18938 21454 13189 539 12380 3448 17917 9428 630 20069 13604 19751 1985 10611 3624 25661 4140 23680 7658 14833 12861 18831 25393 15129 11859 11169 23314 6415 9773 5143 20274 14787
13352 22394 22856 19169 82 1546 19640 15836 844 10085 9674 3418 9600 539 12380 24071 26306 6425 27339 11288 16046 19751 517 13004 12262 12011 24390 8873 13648 14833 156 2072 11140 9301 20630 2756 16799 21533 25967 2457 18460 16395
4059 20057 22856 8539 19387 12192 16862 27734 14173 16379 9674 24139 25291 22632 3733 16558 12551 6425 24809 11288 16046 24300 14141 24349 12262 12011 14348 21574 5004 4237 2102 1684 11140 9301 26860 9017 27458 3748 6718 19392 22513 19818
16355 28188 18524 8539 20836 16278 21795 7189 11002 25487 5754 5914 4681 14741 19864 20263 10824 5559 12030 7331 27015 15783 4936 22807 16592 5683 25360 23327 16935 6375 3071 27558 22093 26821 6124 11072 13358 27519 22720 16625 16291 8267
17714 20699 4631 23216 11205 390 25068 7189 11002 26226 13665 15552 10221 21719 19864 10691 15645 8941 3301 26722 19404 2443 23616 16464 18923 9713 25360 7534 18464 16249 18838 25549 19621 5180 3064 25244 7597 18436 14368 18420 4562 15429
27902 20699 2397 11186 11205 2850 18628 4778 5868 6165 13665 24980 16619 18285 20895 6149 10697 12232 7576 27185 19404 15020 23616 7629 17006 27007 6380 9423 594 3582 28054 5816 21387 10561 27808 19109 4115 27541 23402 7414 18583 23932
27902 7130 14582 7271 19564 7815 4583 1567 5868 14952 19990 6126 19635 18285 9731 6149 4626 12232 2845 26803 22865 13594 19854 7629 3345 17097 6380 9423 22985 13232 28054 10941 13338 20498 5125 19109 4115 27660 19007 1918 17356 18159
7043 10618 25564 26125 19564 8504 4583 9424 23740 251 6023 6126 19635 466 9731 6149 4626 19178 27020 26803 22865 463 15574 24818 23609 26193 27777 23633 7368 4740 8921 23228 15615 25369 25445 7968 23198 1209 19007 13728 26217 769
16369 14807 22696 4824 4411 3007 4583 9424 23740 1716 6023 28361 18018 2565 18730 2413 9523 17277 12225 26808 9545 26341 6894 6575 7715 18361 22617 5708 23010 15513 2961 13000 15615 13169 15749 17421 22367 27403 18684 9680 12694 23139
16369 2077 2896 19165 4411 6376 398 3881 4973 23085 11511 1387 18018 11389 15953 10425 16497 13389 11324 16164 2759 26341 23223 6269 1469 6861 2601 2266 3443 10114 27843 18666 5525 18672 17331 17092 26709 27399 13776 28375 12927 5479
18764 2077 2896 14996 19126 2383 5021 3881 19796 12607 10757 1387 1488 5223 14463 4737 13578 16677 16186 16164 7764 13905 23223 21104 23515 6861 2601 26409 9749 6779 4659 12156 4410 9131 17331 23586 22832 102 9565 9910 13031 27416
18764 17656 20045 14996 14892 11600 17409 11322 19796 24040 24971 23062 15640 15773 14463 19876 5183 24421 12303 23959 7764 13905 19720 21104 6127 2071 1801 3994 12304 405 4659 23584 22239 9131 7366 13089 19896 25696 10013 19223 10456 8361
1088 6895 21869 5406 14892 11600 7800 11322 17470 20461 12276 11440 7086 9421 12097 18633 11632 11210 12303 23959 13138 8210 2364 6812 6127 10571 5001 26562 27398 4535 9058 3310 10073 375 11565 21407 15612 23107 24215 9521 19543 17015
17851 23992 5029 5406 5787 9300 7800 11322 19682 23492 21715 5287 12633 21972 5573 2106 23821 12052 24853 14791 25121 8210 20971 26829 6545 3643 2425 8871 27398 25238 12963 3310 1844 12397 21444 19096 15127 26777 2250 28511 19421 6920
8440 9934 5029 5406 5787 14405 24745 16034 24351 9977 4158 3202 12633 21972 24361 22112 12212 24709 25796 23053 2915 12470 4359 5208 26665 12742 9933 6000 22130 13889 1291 9196 16964 13252 14102 24674 20469 2980 15671 4982 21859 10475
14507 27710 13587 21355 8763 14405 14464 10901 10813 4004 22819 27446 16675 5692 24361 22112 5658 4929 24131 2744 26302 21021 19219 5208 26665 12742 10644 7716 16957 1840 21551 8006 3754 21332 9462 5675 11851 14402 357 9360 11336 27065
5349 3325 1207 1662 10364 21775 27277 27573 8913 2582 22819 27446 10449 5692 3196 10089 25478 5535 4884 7229 16649 10264 27467 22032 27674 14820 7664 1550 17254 7167 1848 7146 22289 24479 15300 2952 3072 26627 357 19754 13722 25503
5349 3325 2893 2500 10479 15908 27277 25895 8913 10489 16455 6563 25311 13371 9596 8790 26133 5535 7655 7229 26328 10264 18320 332 510 14820 11841 7871 17254 7969 23415 6100 27909 1427 27471 16639 5334 11886 5357 18343 15917 7068
5349 22734 2893 2500 27085 20018 23950 27036 4412 14516 19631 6563 27080 23279 9596 13223 26133 7562 7655 8737 26328 11065 28314 6453 22540 8719 10493 21653 13364 13878 23415 3205 19105 1174 16624 26875 22320 17615 6312 394 2346 8330
25318 17693 24227 25512 27085 27532 7653 27036 6675 14516 3247 1875 27080 23105 1582 3023 15362 7562 24056 8737 9049 11065 17893 12586 21578 15249 18472 21653 26272 2870 4829 18517 12452 1813 11132 5219 483 22262 19428 1941 4833 24800
18478 22099 8085 21184 22292 6772 21015 27036 10606 25873 3247 21449 19366 1886 13658 25711 20884 2835 12443 3532 18207 20885 3474 12907 17225 15249 17784 17909 6745 4649 28458 18517 1836 1813 26613 2934 11177 20195 27232 11569 20370 3326
18478 9425 8085 21933 197 22989 7483 27036 10606 11839 1055 3153 4956 6856 21767 22933 21196 2835 18127 21576 13386 24189 10326 10358 8946 3918 20251 1468 2472 20266 28458 25949 11967 7803 7246 24179 14291 17459 25880 19653 21254 12072
24234 9425 24113 21933 18425 14881 13564 23925 10606 6283 7936 23400 3573 6856 14620 12187 13455 25394 18127 19527 19713 15437 10243 17895 21153 3918 336 23367 13560 2920 14293 19074 3782 25002 23957 10305 23693 8172 18943 6119 19198 10216
11080 9425 9431 21933 2616 4744 27237 13815 26744 17064 8716 18270 597 6856 25701 26462 13455 14534 18127 3472 9014 25054 26340 17004 25854 14897 21838 8933 3355 28172 15320 1490 27760 25002 26572 5192 23693 10171 1231 27571 2890 480
3484 9425 25422 19786 8415 14059 27237 13815 19040 7149 7133 8972 2817 7080 2879 27075 22571 15768 451 17727 22066 11213 26340 20916 18793 22936 8668 10277 11434 13750 9503 233 9834 10961 26572 7398 12868 15124 10741 12898 7537 4537
760 11916 25422 2422 21069 9429 8412 17458 3987 7149 25423 24634 15427 17377 7260 21138 3214 10976 24264 18104 16296 23641 13901 6273 1826 16446 9461 10277 11434 6913 26016 24492 25886 10804 17929 21523 10890 3585 7710 74 18376 22347
13281 11514 450 2422 11426 7956 8412 17458 3200 25160 25423 16898 4452 88 28346 24051 26185 12379 946 27155 19142 19850 17378 205 24490 22739 9461 3873 11434 22184 27934 2067 24290 15765 18483 3114 6264 26530 18167 25021 7607 23284
24905 6603 450 2422 4122 7685 2001 1580 15613 17927 5968 22478 22780 88 23994 11057 26185 12379 17253 27155 3779 2367 681 25645 14857 13764 7425 19992 11434 6478 13457 22983 21659 19238 49 25170 13526 24461 13276 12220 6492 26752
11803 14720 28063 23374 27633 9938 2001 13119 15613 15452 12208 13349 20333 3272 23994 8353 18781 4127 13273 21545 6899 2367 681 13741 13320 21562 15512 25067 2880 26715 7873 21907 26371 18639 14844 3876 24771 5839 8105 7254 4230 13971
14290 16772 28063 9700 20786 24429 23908 13119 14521 15452 27606 7974 9269 5570 20247 7644 18781 7672 17301 21545 6899 6762 9522 10303 8287 21562 718 22708 23716 12482 14140 26682 26371 24797 11845 27101 13856 5338 8464 10327 26112 27716
5674 10389 5296 11467 20786 14511 7165 18784 14521 15452 9524 7974 7850 5570 20247 12191 18678 10048 17301 18775 3329 15341 6775 10303 1510 19669 11001 5421 764 24256 11508 26682 3056 6204 11845 21044 1602 15099 12823 11118 27588 25743
10431 1303 4849 18918 2414 25557 16215 11249 20223 15695 879 4635 7850 765 13840 5785 26996 25429 17301 3784 10026 6220 18996 14696 7061 22709 13072 25045 1324 293 10011 10616 23184 581 3609 15545 3426 24176 2877 16919 10567 18254
4702 1303 27013 17537 2414 17127 21004 5553 13897 8365 8911 6723 16908 21773 16608 25608 10735 25429 4318 27171 9136 25691 6666 14821 10472 24184 8089 15790 25530 15038 10011 7924 17652 581 6602 2615 19212 5763 26361 26616 2727 17637
17788 12925 4468 15412 17113 18113 21004 11332 13897 9222 23163 27157 14901 22751 15401 21331 13842 22479 19056 13318 19095 25691 13552 27261 11221 22136 8089 8622 20761 22619 25858 17582 11297 20182 9883 923 5891 22035 26361 13296 1843 6445
2377 15234 23514 9555 15406 26026 25050 6703 23733 9222 23163 27157 14901 26949 6738 10508 13842 22479 19571 17273 19095 8636 13552 27261 14344 22560 15449 22081 19048 2470 6820 1721 11639 5242 6241 1563 14744 14554 22949 8740 17243 2233
26993 17934 23514 9555 15406 7054 4958 8209 7451 5226 20486 21646 24200 9032 14627 20497 998 27518 5186 14055 846 23278 18975 7111 11310 15910 16811 17070 17827 3049 8521 27335 13598 24757 8702 2996 5337 8199 479 22882 21270 22121
14001 12069 4840 26318 20137 1042 14215 15566 7451 9704 10550 24472 13645 17507 26269 16444 24535 26233 25038 4185 846 2651 12596 10421 15265 14327 25509 17070 27987 24248 7858 11606 6589 16802 23544 18363 5337 15159 16742 19845 851 9075
16415 13420 4840 18566 28133 21092 14215 1391 6435 9704 14138 24472 5251 17507 28398 12555 22892 26233 25038 4185 846 4875 12596 12321 7173 23691 6761 19068 27651 7687 25278 15550 14360 16802 21199 20031 19438 26417 20592 4721 9556 15791
16415 13420 12335 18566 241 10281 21276 7492 25954 22149 20840 5085 5251 20456 6964 22898 17483 14502 2059 4185 27451 12550 6542 20865 7173 9971 23962 20154 9152 174 5236 15550 3764 22572 8139 25934 10750 3783 4234 1628 16232 11901
19580 4348 6839 10781 8733 131 4639 7492 24932 23143 8822 28189 12652 8510 18372 22898 28145 13463 13356 11116 2205 19371 16157 8779 27662 2083 23962 20395 8535 174 23676 11770 3764 11242 27262 5515 25254 3783 11481 9179 10588 279
10132 4348 6839 15158 19871 11868 4639 26641 13813 5609 19879 20886 10628 8556 24 4145 25239 26046 27201 12645 16985 19371 16157 24585 9791 2083 19309 20395 5141 12181 12007 3487 318 20309 15526 1223 561 19476 11481 23173 23887 14000
10132 8164 7056 15158 19871 26824 22613 28076 13813 1974 14987 20886 25811 8458 3982 26732 26594 27499 23614 5129 16985 3152 28227 24585 19927 27113 15725 5213 5710 20789 12007 21478 26356 27991 15503 13369 58 13746 710 20806 22953 3315
22253 8164 26840 6506 24860 10462 22613 18688 9072 28347 14987 26649 28057 8458 3982 23217 7255 10458 4494 14902 1604 15443 28227 25258 16815 28441 9947 12252 2152 26457 4919 8493 10195 16743 23421 22881 8724 2741 1213 15850 4733 17203
22253 9835 28252 7774 22020 12789 22162 18688 1653 5303 24784 19660 18643 12798 18960 18275 23234 22383 14769 9687 1604 19403 8782 20984 7835 12503 20405 12252 3756 13858 3970 8493 27217 27910 17341 23884 908 14451 5291 4151 15256 1976
25058 28132 939 23244 21704 22825 21536 17442 23079 24590 927 16329 18643 11378 6340 9074 2677 18496 10124 3240 9071 19403 8782 4383 15338 14612 16676 7060 27919 2173 26774 17117 22622 6313 4521 25518 21275 15849 679 25763 8238 2225
16280 17918 19861 12603 24168 22825 10831 21278 12487 7578 15332 16329 23460 6753 22 13220 2677 18496 10124 28330 1971 1236 22923 4383 18453 12691 21560 26310 10726 5231 15328 4777 24199 21357 17413 11272 5435 10278 4822 17762 12803 10311
17999 26729 13195 24979 24168 18384 10831 21278 12487 25652 22417 15475 26727 14097 15275 12149 18479 9289 23958 28330 1971 11664 21515 26781 13447 23300 7358 8701 9932 26755 25559 18844 5510 24928 24879 27057 19108 4364 8223 25973 27856 8602
18476 26729 3143 13495 3661 23907 2840 16867 4455 19237 1263 19276 7811 27050 21035 19704 2211 2038 12250 2180 25925 23634 15703 10440 13447 5944 7527 12519 9932 8949 25559 24010 25995 24928 5318 5316 1049 23160 21981 7091 2686 25590
23566 2238 3143 10712 6258 10404 12429 16867 4455 19237 23914 3655 5026 27050 21035 12006 16770 18661 26602 16271 16436 534 23681 10440 3312 16151 18177 25898 8043 17521 27294 6700 7822 22589 4007 5316 4819 20158 8555 9923 18181 26890
26055 25821 14303 10712 22726 10404 10742 20664 8802 15414 23914 21631 6776 4979 1832 16783 4594 14663 26602 971 4374 534 1897 28190 3312 16151 16858 25898 8043 19059 16865 4219 21988 9460 24344 22662 21500 19071 9533 5428 23534 8311
26055 276 24829 13205 27102 1973 28509 20664 28179 8530 18328 21631 7926 14886 1832 25660 3383 7175 17250 19268 4978 3553 8588 16227 26096 13670 16670 13206 10397 27167 22548 18801 16531 2942 12035 22662 3280 28389 27324 21835 9796 23438
18146 11554 4489 20314 15772 13837 10889 11038 28418 8530 19262 20366 7926 4892 15770 21145 22433 7175 10283 13849 18161 4183 8243 16227 26096 10926 20378 20536 4464 7983 19398 14440 16499 16843 14714 26074 15779 4862 4602 1159 24280 25941
23623 20641 2654 1125 9530 18859 15687 13210 6061 8530 19262 3711 19189 9337 12130 23413 16647 22538 27526 7082 14259 4183 28109 9257 14017 10926 13302 21072 1505 10206 19013 15618 13573 9012 1786 7519 15078 25597 26644 8413 21613 13331
23623 14373 5190 19173 2882 12394 563 23536 6061 1058 19262 26366 14035 28385 10515 13201 4910 10503 6080 7082 21808 9387 23989 9257 25363 16346 2581 21072 7920 13818 23124 4021 7538 24902 26655 25674 15138 6944 16980 15079 8765 2820
25483 9758 6125 5680 15168 15633 563 23536 6061 18370 22254 1576 23605 20843 8226 18340 13627 21051 8565 1702 7352 9387 28387 13036 28421 9761 25950 10197 5798 27239 13090 9695 4473 15483 13334 23410 14212 26685 5670 20637 17987 7713
28104 26124 21485 5680 15168 15633 563 23536 9888 2507 4109 14666 26377 20843 22376 9109 7660 21975 17983 6193 27889 7602 590 9688 18431 6111 4307 10197 10009 10333 19453 4772 20308 28199 27822 26152 15971 23444 23578 3507 13784 13101
28104 26124 21485 3992 8498 12604 563 23536 15181 10808 18253 11970 14900 144 15423 10486 5390 21975 18913 28001 16056 19273 590 9688 26184 6111 4307 15588 15950 10333 28289 22590 20308 24927 28348 21032 23943 2786 17848 26647 7463 2684
28104 15469 23731 16245 25496 11596 563 3393 15181 10808 28121 17720 15839 13737 26378 10486 10077 14314 18913 20222 7126 19273 3929 11135 26184 23825 9091 5978 943 7697 19884 7962 26109 24927 6934 21032 3091 8270 12223 9842 24125 12076
6684 16180 22549 16245 5199 7103 24780 10800 27359 10808 10878 12422 22621 22583 26378 6507 6729 13474 14850 6927 22721 19273 719 27206 21802 23825 9091 15372 19082 27054 9020 609 19732 10758 1037 8278 28068 6391 26461 9890 3847 26000
23516 5086 22549 22147 4251 1365 25296 26733 27359 7694 8060 2642 24439 23505 13225 6507 1527 20212 7482 21862 5007 5997 23557 5653 13475 18484 27196 6003 22143 27054 21503 26660 1680 4575 17705 13321 7242 12110 24973 26878 4852 15995
17392 26444 588 16997 10436 6987 17872 1833 4254 16514 8060 17016 24439 13510 21349 1732 2312 27192 7482 21862 15188 10388 21491 5653 7740 2742 18432 6003 25213 20191 854 17790 4310 4034 23245 24991 7242 19742 26420 3726 5628 16044
5871 11260 2110 16997 21453 23944 17872 19458 3525 16514 7523 3065 10320 22371 21349 1089 15147 23849 4551 11366 3625 6476 23823 14553 27274 2742 24592 15882 24229 25740 13370 6117 16107 28341 21723 11979 5545 17045 7462 16147 14783 25820
22537 8773 1330 1758 14184 26968 5586 20326 17053 8044 22076 294 14581 5420 12764 11887 21100 10850 12946 27707 3625 16932 1531 12968 13827 25060 4582 9160 5121 18767 18295 8349 16107 13761 20139 3077 8615 15674 16807 10877 28422 27508
7872 7494 12206 2013 8678 26968 7897 20326 7666 3841 8377 19755 14560 17457 21285 3931 3347 9361 13883 27707 27937 6636 9856 12968 6619 23103 4582 25955 10823 18767 6175 6731 16107 4241 16182 1077 19907 18379 16807 18839 12541 19536
27459 6616 13943 2013 13032 12628 15063 1317 5792 27202 19311 17000 14560 23013 21285 2300 28081 23852 1292 12835 1421 16441 8328 17230 3269 28473 16475 17119 9800 2906 5117 6300 16107 12464 19326 17098 1422 18379 3557 22960 26825 23343
12300 22137 15104 2013 6137 2540 10805 20331 13246 10136 11148 18178 18879 171 4295 417 20520 11449 4593 12835 6759 18697 13368 17230 3269 14966 22133 17119 27977 17136 5624 14975 22656 1047 27789 11950 11316 3436 5509 22960 17809 12609
25862 14302 9563 9939 6137 10094 10805 8215 20390 1726 11148 18178 10248 14945 12124 417 20591 7596 1083 2516 16881 17783 24007 7329 12847 26608 7291 7311 7686 18802 28025 19267 12939 20558 27789 10495 610 28468 7514 17574 19679 9996
9401 3154 7577 21610 6137 22520 18605 8215 20390 18374 6388 16666 1963 9830 18142 417 25957 7596 14015 27638 6955 16223 16575 19021 18656 26608 177 21940 423 7370 2099 10402 12959 894 18897 16691 6584 5927 17596 6479 603 532
4031 14447 7577 7808 12017 27332 18605 12282 10564 7946 5668 22404 26534 8101 22778 6398 25957 7299 14015 27638 13562 16223 13950 19021 18656 14323 26553 25093 10227 9352 19295 10402 9388 114 11230 19144 11325 12410 27130 4043 15000 3900
4031 9339 9005 28080 12393 982 11700 19562 23158 376 5668 19707 12538 23077 16299 22975 5562 16462 8156 25932 6490 27384 13950 19021 614 2919 26553 3566 13643 22630 1708 2634 18083 1873 10090 25391 17051 26726 6877 9051 8405 15517
17025 9339 9612 23946 12393 6515 9613 19562 24041 376 3941 19707 13613 3122 20430 24118 18837 23019 25091 15018 3010 26494 13950 19021 21516 3492 23918 2781 15140 1140 14461 13581 5260 9882 1564 8695 6143 5639 20544 14238 23812 27722
6112 80 16733 22381 2940 6515 11694 19562 24041 7102 14023 25906 21555 15907 20430 21850 26664 2874 25091 20597 869 17750 3158 6769 7011 11640 14485 8804 1052 1334 17546 23870 13968 19594 286 1881 16117 12157 13388 14421 19400 21699
21146 26807 4294 27394 2940 12455 11694 15386 24041 26212 1161 5693 21402 24816 731 13007 6303 2874 20887 13579 869 16809 5238 1648 15750 26865 20938 21565 13947 22863 17474 15936 21119 17913 20487 23435 19418 16844 15966 4842 22101 28520
7 24100 8354 6497 8893 12455 27775 401 3178 17939 9338 5693 21402 5714 6473 27095 6303 23227 3155 13579 15679 10575 2138 1343 13951 24020 5027 2873 9901 6387 9711 20541 25236 7933 12144 17043 18085 5262 6901 7472 9348 9836
19651 2900 8354 6497 25517 25495 1574 18082 13703 23064 11702 5693 19535 5714 25606 26597 17619 8801 820 9391 7718 17583 4252 15172 18564 24554 5027 3030 26638 6387 19778 21812 25236 6114 2922 22375 778 17432 6901 27708 19046 4055
24270 17699 15480 26620 19641 25495 1574 7608 893 23064 12758 1990 26920 25472 27005 27705 1266 7236 14713 12140 6377 17583 23020 27251 26730 3939 25847 3030 1566 1865 15575 13790 26768 2644 10501 27892 6289 23525 2220 9389 23496 16902
24142 10541 15033 26620 16039 25495 25155 12273 7334 23064 19022 487 18397 3019 19836 12537 22972 2279 15644 24776 22738 21018 12767 9006 17843 16693 6099 20999 14943 8087 15325 18953 21212 9400 28091 25374 2872 13482 13632 5451 25987 14974
20590 20464 5108 22270 26060 436 8687 12273 7334 10900 808 22436 18397 3019 21443 4413 22972 2279 15644 20817 7620 15735 433 20134 15787 21302 28345 10140 19441 5324 21033 18953 12278 10324 28091 14964 20265 2779 22940 23137 22217 27965
20590 14588 1160 19450 25234 24324 24644 2183 13596 1964 808 9818 16671 5948 21443 22853 20632 17925 8829 8147 25662 19522 19856 22950 28274 12151 4915 10140 1325 1218 812 13188 16354 20515 18813 22981 20265 7304 23403 6326 3268 11604
20590 16478 625 22500 1993 26741 10170 10255 19281 18926 6054 15519 9406 6063 11112 7404 20632 16642 8829 12732 17903 24236 22398 18921 25295 16061 17836 5942 1312 1789 27769 13188 18314 20515 19504 13565 4143 4855 9327 19844 23104 15994
17798 16945 625 22500 160 25831 10619 1878 21424 19019 6054 15519 9406 3206 16674 22957 717 2545 16112 20563 21245 24236 27845 2548 16773 26818 23834 5772 20075 20940 10001 16007 10612 13209 97 1544 3522 7760 10576 27912 20708 1377
14898 16945 27216 16513 160 20354 5720 8019 6394 4952 9275 3043 16111 13149 18504 26539 19356 11984 4783 20563 7626 24236 8661 9198 14631 15664 23834 16681 7389 19445 9099 18992 3632 14096 27664 11415 15990 3630 14295 20697 26915 11232
24939 12871 5100 24164 17597 28472 26955 8019 9879 1175 9275 1019 7817 17021 21165 13431 19356 4289 4783 5043 7626 11594 17357 24379 15095 6822 23939 26062 5543 18166 28417 18500 26412 3160 9467 6508 15990 10020 15262 27563 18261 7883
24370 12871 5100 15581 3821 16212 11956 6933 17362 1137 21294 14523 11061 17021 21129 22053 19375 19809 15471 5043 3961 11594 17357 11488 20848 16502 5579 19032 4690 6919 17883 18500 11834 17890 10174 10252 15670 14959 15828 7320 20827 25695
3694 4699 14200 10332 22593 24846 24733 10822 13608 2184 21294 204 10270 6630 21129 21605 14225 5770 1609 13069 9854 21297 21916 2991 8960 14685 11982 19741 24990 5264 25315 9819 17116 27436 22841 3024 6915 23280 11595 18610 18824 13681
3694 2196 1415 10332 22593 13684 16219 27098 13608 17291 4767 204 6142 90 21129 27243 12776 15694 15931 4880 26229 4026 12778 21510 9110 1436 6379 1158 24990 5264 7910 26160 9047 3488 3662 3800 22313 16621 627 16438 237 15444
3694 10693 1415 15248 22593 1006 23937 27098 1429 5099 13749 6979 10766 90 4867 27243 20752 6852 5247 7736 18739 11420 21248 21510 17132 25251 6379 9701 4387 23833 9750 24662 958 3712 14809 7921 15268 16871 27720 6337 28524 17822
17863 10693 1415 6956 25813 16124 19548 18902 21955 15549 20505 12431 11280 12126 4867 15070 3524 6852 5247 18310 18739 11420 519 8587 12054 13847 28496 19605 24042 25703 12217 18470 17600 16304 27658 6467 5215 13655 12814 20831 15021 19955
17863 5649 4303 6956 27091 9019 27016 18902 2821 1390 22132 8385 27303 12126 5717 23969 2750 18622 25717 11713 653 2729 2655 22771 15620 11105 24255 26596 28490 6057 676 12271 1529 11482 15286 27719 4084 20143 2513 995 13079 12819
21107 12478 27344 19958 2911 18889 8161 17560 12625 21458 25805 8385 27303 25312 935 22743 19478 24486 17953 5825 24478 20728 27840 7732 15620 1414 5063 5852 18019 7698 1217 1274 17639 3741 2884 27719 23006 10871 17643 11907 25633 12509
