13968 16685 10841 21047 10810 3192 20191 23498 12377 6016 7637 13288 22358 8144 12671 18799 8533 23767 4760 16515 22264 7557 11939 3130 24301 3575 12026 12228 18668 6372
13968 9860 10841 7923 7148 17088 11303 13490 22795 11801 10869 3099 11503 4184 7919 6138 111 23767 5281 16515 20106 2497 2764 3130 23529 15769 8754 11802 4010 11595
9244 17682 5611 21943 17221 12553 19796 13490 14910 1920 4218 2518 11503 16024 7919 13408 111 23767 22386 16516 4596 2497 8246 7611 18432 4812 15980 14002 6336 23733
9244 8481 19885 21116 17304 18440 4155 13490 18001 1920 18505 6536 2427 16024 2120 13408 111 5581 19691 3026 4596 7658 22138 6685 6492 2496 21724 18214 23367 4656
9244 14293 19885 21116 11494 11405 4155 11625 18049 22505 20320 12428 1180 21115 11300 19794 22640 5581 22684 10906 7891 18999 19294 4416 14734 18997 20901 18214 24314 2160
5768 14293 23986 21116 6019 19790 12119 11625 4705 11633 15425 23369 20418 15329 12379 9538 22640 5581 22650 2256 22974 17 5843 4416 16293 8988 20901 12357 1297 17529
11573 14112 1822 1840 6019 19790 9201 13313 16203 8776 14283 19356 1099 21033 15610 23927 14247 14324 14402 4681 4965 18109 10245 19333 14651 20809 13743 15915 1297 10117
11573 3595 24528 19482 5176 14062 6526 6018 16203 21245 17724 4408 4859 18025 18561 17129 5916 17785 12182 8566 6818 2298 11600 19333 3283 7673 3142 17954 21979 14303
18956 196 8814 13101 20634 17989 6526 6018 8954 548 16681 1710 21545 21215 18777 17129 21294 20455 14495 5946 5005 9372 245 17112 10090 20913 13765 3555 7377 22420
19465 13276 8814 14424 23481 17989 19638 23453 13856 548 9873 18962 18650 9336 5618 13367 14412 21142 8053 9847 5005 4913 245 13547 21577 9550 17526 22319 10989 9393
19465 13276 2429 14424 4055 17989 2926 12776 6912 19077 9873 12348 21452 13281 16726 23877 18511 8452 8053 18399 13406 13040 21137 11565 543 24289 14652 14116 21828 10815
2286 18806 1633 15327 4055 4405 2926 12776 6912 23675 9942 15424 243 5953 2373 12835 7385 1954 8126 12698 21280 13267 21655 9048 543 8058 13599 4507 370 24558
2286 8137 14090 15327 4055 16306 2443 24556 3291 23675 15193 10956 12692 20283 15160 3150 23304 1954 1509 11576 8723 16399 7449 21998 13830 15909 679 1160 17747 18620
12924 20066 23972 20236 1712 876 4598 24556 2026 9275 7143 10369 6178 230 16768 18335 1294 12672 7609 7054 1557 3796 23949 5740 23550 7815 822 2505 8479 224
11978 20471 13554 13421 12985 18263 12574 10578 13076 21411 8989 18180 23096 23543 251 17195 19402 3377 5595 15993 10395 9181 22936 23740 15719 13841 12642 23395 9178 14515
6316 9582 23650 19503 4793 7551 13257 10578 966 21411 8989 18180 16104 15705 17943 17801 17240 20672 15070 15993 21575 930 4371 5273 18452 20038 20222 15549 15046 13104
18477 9582 6701 2747 10122 10065 18450 8553 12092 24138 18875 13715 16124 3643 17943 18680 1437 9024 19744 9650 21575 20732 10507 9878 22738 24356 10842 14679 20033 18743
23333 6049 7574 1872 24554 149 23971 8553 12092 15376 22419 22931 582 3643 4341 18680 8198 23097 24340 10751 4182 7185 11825 3582 1389 7396 15630 9430 11466 16016
856 6314 7574 11845 11779 17614 12992 12545 20230 15376 3727 1505 4240 15488 11264 20666 513 17009 10293 8229 23547 19080 21742 1341 651 4072 7677 11836 12091 5333
247 5105 5467 23586 16555 6017 10745 13059 21180 16049 2701 5134 4240 9423 22872 10524 21120 1630 16375 15092 5329 11199 7742 1341 13290 832 21627 4421 3459 18545
247 5105 14121 17909 1887 20324 24023 6305 13485 4537 6080 14331 3741 18208 22872 10524 21873 1630 10378 16043 22338 20863 18389 23943 10755 22373 4968 5865 1450 18523
3940 17180 8168 21359 1887 23458 22164 6305 5557 5356 14295 10100 3741 7402 9412 18106 22838 2829 10378 719 9041 1324 7603 24366 21632 20196 2006 1672 5760 8282
5428 20274 7218 18138 23634 15871 22164 21089 14102 5356 14295 21969 3741 3903 17659 6765 6679 5496 10378 719 9041 7903 23793 13102 7512 21897 20227 6999 13182 6659
11023 20274 7218 11218 19040 21850 22829 18003 2714 5356 14295 23846 8627 14923 17659 2000 1660 5496 7398 435 6213 13795 21397 10659 6270 13498 21611 8764 14161 1589
11023 7834 7797 11218 19040 12004 23734 18003 2714 16252 17628 23866 19420 14923 17659 14837 15036 8104 7398 18482 5278 15201 21397 18940 2934 23189 12617 14535 8382 13340
15981 7834 3554 9623 13785 4678 8693 9986 3415 5133 17628 23866 6351 14249 3681 14837 10982 12346 9515 15946 22825 15201 20818 7842 2934 11034 3103 23629 17288 7419
15981 13251 7517 13046 4531 20749 11112 8300 11261 21863 13996 24344 114 23804 10491 16878 3589 17647 6244 20132 12467 7631 9848 2333 7254 7446 1291 10492 14038 16191
21613 13251 4847 11251 4531 23831 11112 7172 288 10707 14529 3301 4610 23804 10491 21156 3923 24380 6244 5982 12467 15145 19504 16190 22361 21295 8314 1429 1358 14177
23672 21232 4847 11251 17941 18681 16595 7176 14667 9960 5026 5037 11728 23804 9820 11274 23180 1556 7585 17270 3488 24015 5998 19554 19593 6590 13409 11930 1628 14177
23672 24245 20499 17279 3269 18681 945 11248 20957 9960 4940 622 9434 16762 9820 17441 23180 323 7585 3508 4023 13535 5351 19727 16738 15810 3566 5202 12886 5640
2088 6023 1638 5706 3269 22037 945 19955 20456 9960 13441 4349 24211 5494 18004 17441 17871 323 21563 17642 4023 5700 15306 16683 10220 6384 14440 9473 8595 11372
634 6023 2802 5706 14064 11207 774 19955 23842 21223 12783 2297 896 2185 24370 14617 21720 23518 20032 17642 3650 4530 12967 11203 10111 8154 2379 14889 20655 22132
24385 14465 2802 8830 9496 19689 13044 13978 9274 21223 8171 21898 8772 2185 6186 11935 24327 14974 2456 2908 4952 24660 8515 14877 22939 12673 13332 14889 22706 10436
12874 14465 7284 8364 9496 8052 8010 6368 17395 8644 21421 6751 10890 13029 20511 3257 15315 2072 403 11615 5641 24660 20262 22944 4622 3486 23106 15091 1029 12555
12874 10263 19032 8364 22822 19020 6436 910 4746 305 18537 4455 17543 10091 11656 3257 881 2072 403 17990 11620 5584 2763 1215 16776 21988 7847 3598 10750 7908
12874 11224 4396 22862 22822 14282 2520 910 4746 13952 24504 9002 15797 10091 18855 17818 14215 9038 6853 6671 20323 10017 12517 23678 22772 8917 17323 6583 18499 20081
22883 11224 16108 22862 7823 466 6584 18084 21800 10644 24504 9002 19508 1175 22286 16914 1135 5402 1351 10519 20323 24392 9123 17158 19600 13005 19529 2358 1613 6666
2395 15611 4011 17022 3917 9702 1339 19840 19217 9998 164 16196 2729 20650 22286 20119 10387 11910 7931 10519 22344 14157 5580 2647 3824 7464 10663 1790 1050 20043
7872 15611 15811 815 11423 9702 23584 10535 19217 9998 17590 14677 11876 17782 4044 5911 15974 13617 4638 14280 1011 19793 17212 2647 13756 6985 10663 3749 17085 12206
7872 15611 15811 815 15518 9702 23584 10535 9660 18379 1951 2419 15759 20459 6914 23344 20947 1685 17453 4798 8449 269 24060 6580 1178 11167 18558 631 9283 7991
20881 12559 2426 12575 14119 20532 17305 22864 9031 20073 6748 10246 4235 6301 17092 1819 9295 19866 8480 6749 16707 3173 19713 2206 7723 12314 6598 5680 13846 8719
6302 13411 18198 12575 14119 20532 13725 22864 9031 20073 6000 10246 7728 16939 15961 5576 9295 17937 8480 7580 9999 23332 9222 2206 13510 16466 18883 14575 2825 1041
19709 2431 23472 23855 14119 33 13725 6616 14187 20073 3656 1364 19858 4914 9947 15387 20883 12453 16249 7428 17484 4311 21879 8378 3324 14956 10225 24198 2825 14376
5887 2431 2981 23855 22299 22222 894 7997 10708 20097 3656 9482 19858 757 11388 15387 1476 8712 8548 3386 17484 4311 18788 1532 10683 16341 7337 5676 15951 2652
18787 13235 15431 3330 24532 11210 13420 7997 19746 605 20743 9482 12853 17869 11388 7255 14348 13985 13033 8929 15531 8535 42 9871 6948 20851 3276 4764 9854 14561
18787 10899 22962 18771 24532 11210 13420 7997 4698 1594 20743 16718 5174 17869 8321 16301 7053 7380 13033 8100 22810 11187 1941 22620 10174 23087 7821 18143 512 18903
18787 9230 6283 18771 8840 1742 8621 13423 7946 20345 11436 8542 20086 17869 18178 3070 10419 12369 7688 23916 13678 16382 22504 1523 20870 8205 15621 23553 11986 5275
386 8931 2288 250 8840 11460 8862 3670 7946 575 11436 19466 20086 16184 22445 8557 2157 7448 7688 19208 13678 16382 15732 24619 11217 8178 23660 21077 381 21111
10039 8931 9074 1479 21757 11954 21500 3670 24295 8742 2228 22986 14669 16184 22445 14259 14962 16997 22534 19208 9587 13468 12493 15203 9944 12651 19253 7732 5732 3412
18948 6664 9074 8704 13842 15971 7650 18581 10453 17751 19096 6552 4053 18882 20599 16542 14962 6898 9519 22902 1094 23616 16441 15203 12220 15661 15540 4527 14273 21687
8400 2823 17222 16753 13842 22018 18095 17542 14759 14969 2073 5400 457 10004 1116 16542 10052 16701 14255 14389 1094 8 2007 9495 21685 64 14780 16025 16641 14763
8400 12296 20608 11621 13145 21963 11766 9509 14759 19462 2073 4720 20905 10004 1116 1619 11290 2612 3663 1150 20419 14862 22528 473 8197 15588 17714 19579 16641 22601
9184 12296 18425 11621 7839 21963 9029 9509 4315 14950 17153 6125 189 6131 16788 17078 11290 7440 9566 15110 12975 2013 16573 2680 18792 24007 3871 7769 8955 19741
11067 24182 18425 21509 7839 16506 20691 21804 4315 6177 20585 3915 189 10041 2180 17078 21503 22786 4506 16538 2412 21372 7136 6788 18792 19005 18507 3535 13609 16780
14318 6503 20197 11730 9185 14628 9001 4947 2183 20065 3911 3915 3168 10879 9302 10996 13396 8687 24119 24169 2412 23718 12544 18302 1559 11369 2531 9957 6478 1490
6170 6503 17553 7141 16882 14628 21019 2894 2183 4090 2545 5664 15716 17329 5332 8587 19960 9388 14663 10858 1919 16600 5059 13294 23702 15294 2531 6553 10064 6757
10907 7532 21392 14039 8120 14628 21019 7121 4696 5150 2545 18048 5474 17329 5332 3546 13225 24086 12795 23705 16067 5137 10846 10522 18664 11539 17066 16725 12419 13327
5239 10567 16099 22508 8120 2839 10384 7121 4696 12247 21145 18213 18153 9003 14802 11427 22678 19948 2390 22582 16424 7467 3708 10522 10020 14425 20852 15114 906 10602
6830 5867 1775 10131 2777 17209 22956 21420 4696 20286 21145 4465 18153 24334 9866 10570 9174 2386 695 20516 22404 24162 3066 18340 13070 2454 22637 15133 5721 18081
5585 5867 11193 10131 13483 23035 22546 21420 15594 15 22995 4465 19767 24334 5094 8571 14851 9141 695 965 10822 6214 3066 8236 15926 16083 3623 16473 4234 11439
24404 5867 17332 8079 13483 20020 11972 13060 17519 18965 17672 200 11886 3511 2473 13220 14174 9141 19488 6838 5684 15140 262 8236 15926 3432 9794 3502 11864 15770
16393 501 17332 14761 9737 3322 22178 17876 17519 8207 377 200 2133 15569 23214 13220 22978 19369 20780 15521 4630 6982 24221 10386 5666 369 5597 17640 1598 22717
20847 10093 7802 14761 15342 3322 15656 8513 21348 7721 17904 23113 19068 15569 20922 1059 5457 17252 2690 15521 1216 13868 17207 4194 5666 7080 14545 14622 3775 20683
20847 10093 13268 15787 20914 3322 20079 24140 22254 8270 17904 5459 8227 5690 20922 1059 11380 22179 7451 13757 5147 3669 19154 16643 24311 19248 24659 14622 629 23320
20847 21163 17128 15787 3991 14694 15582 24603 22254 13487 12049 5459 8984 16499 585 23062 21275 18343 21617 11125 3393 626 9987 3035 10671 13392 10050 22433 28 6581
17050 21163 19924 9344 20172 21700 11685 23888 3726 11399 4161 5459 4981 13051 1403 17159 160 14334 5409 22920 17186 6099 9987 21110 2276 13392 10050 10352 973 3952
1484 21163 19924 9344 20172 5990 11685 14934 16236 7350 19323 16029 15872 13051 17735 3646 19282 13625 5409 554 20184 9026 15704 21110 23925 19537 4517 10699 741 3952
11915 13115 2318 16839 20814 5990 11499 14934 16236 13339 20611 2529 12592 19222 9371 3646 12032 13625 1748 8103 5381 10796 105 1845 14988 11416 20063 23523 5235 12013
13839 15767 2318 16839 494 5990 11499 19643 12584 5710 20611 5752 12713 24490 303 19393 12032 503 24 19754 5381 22629 5093 11354 3812 22873 8843 7319 11026 19389
13839 1771 17976 17184 494 23840 2790 19643 2962 5710 5974 20508 16069 23127 7595 22211 21202 20568 12360 19879 5381 24661 5534 11287 6231 4301 22719 23262 23997 8095
13031 1771 16613 9656 15996 21938 7105 5324 11266 10669 16487 2549 2818 22828 14927 24596 15564 10565 23267 831 5381 9307 15548 550 2811 19577 4808 13168 12330 20257
13031 3181 10431 17376 15996 23766 7105 16639 15055 1013 9875 3143 8444 13866 5198 24596 21566 3697 19268 13813 6753 10414 5956 2359 5594 15678 4077 24092 24254 4022
12137 3181 10431 17376 20840 23766 18405 12444 1453 1013 20229 12076 22152 8417 5198 19701 19471 11757 7202 17467 8353 10414 2463 11133 13966 10692 12969 13291 4830 3951
14664 18469 23423 18566 20840 21901 10127 12444 24109 3049 6763 12076 7751 9560 11858 10053 17437 6128 3433 14036 7684 24002 17899 11231 2795 6911 4475 904 2089 10377
3057 18469 16474 18566 23403 14875 560 17761 17777 14051 1658 14611 18722 9560 2432 7666 21715 6128 6787 18027 2813 1362 18895 12437 12264 23427 4475 11807 16692 12389
10135 19037 21114 3852 22664 17185 9739 15121 12649 22736 22857 14611 4787 9560 4251 7666 1471 12489 8985 5220 18319 17436 22507 11927 17383 15995 18272 4831 15960 11887
14272 6323 4704 12283 16594 17185 7708 15121 12649 17126 16553 6859 14693 4145 6092 14514 23533 3229 15955 18851 9245 24026 24460 21046 19739 20724 2187 4831 565 3271
14272 15340 14660 12283 16594 11368 17079 16779 5103 4785 1858 5006 23260 23316 11488 7116 2375 13428 618 9168 1844 14049 3977 4085 22740 18538 18406 14736 13222 18619
21713 8997 14660 13012 9285 8648 17079 15756 6430 4785 13789 6925 23260 23316 23609 20296 7005 18154 19159 22155 23414 14049 13581 11063 22740 2935 22764 5713 18753 22698
10548 8997 11178 20026 9773 7846 2199 15756 19694 5625 19195 23102 14457 18173 19411 13828 6935 18154 22268 3469 830 5090 7316 18821 21966 15494 22764 7066 8577 2019
24076 13873 23383 8546 9773 15170 4716 18782 22266 22855 15846 13773 14457 2282 11346 22709 10677 18231 23305 6109 15069 12654 7316 15275 2583 6739 6882 15647 23373 3097
13127 12756 23383 8193 9773 20630 292 14897 20025 17699 15846 14846 6514 20931 1397 22709 22574 641 23305 18892 11907 5188 488 13660 15774 621 2324 18485 10577 2418
13127 12756 23383 18086 16122 20630 17739 15463 20025 1983 15846 14846 13130 5091 1397 9479 9708 641 17004 871 7605 17105 21165 19668 20120 621 4922 1997 22296 22500
6610 9778 23383 10743 10667 5728 12097 24024 8172 21375 9613 10308 5568 17758 5651 19142 7810 641 17927 871 11871 20167 6560 15570 12111 7273 10269 1997 19678 3957
22485 8426 24503 10743 9047 5728 1498 566 8172 20594 2885 24420 21222 3690 7291 13766 16778 9243 3626 10556 21961 17031 11661 15570 1089 23100 1354 1232 7190 749
22485 2510 4025 6646 14779 4783 19645 566 22916 8286 2885 7929 21815 3690 10318 1893 15047 2046 19237 24640 10639 17726 5141 1600 12817 6622 22199 13320 18586 23730
22485 4291 2557 14218 9183 4668 24204 3719 7232 8286 964 16728 2560 4619 8732 18874 23179 15907 24125 21740 11149 12446 21443 16077 10418 4245 21370 6837 16933 3769
3021 8127 4726 20235 6974 4668 4452 3719 1420 8286 13666 16728 23567 19412 8732 22207 12581 10604 24125 11704 1645 25 19914 3198 18794 9982 3472 7362 9858 2561
3021 10625 7805 24035 6974 17870 12338 15469 4755 12537 19661 1988 23567 7331 12312 22207 12581 8060 22076 5072 10932 564 2611 30 7660 6649 17829 8798 22042 1910
23548 12560 22579 24035 6974 17870 12755 15469 23342 16891 8040 1988 2970 4717 22355 1084 1165 7472 3167 18209 19362 2457 2573 2919 18058 22509 7552 10159 23199 22476
15675 14658 5926 2956 21161 4216 12755 380 17262 11490 9225 13003 8183 13744 14194 19962 2093 22745 3167 21721 2095 22402 6062 19350 574 19325 12183 4068 22614 23758
15675 8854 2759 5181 21161 4216 2539 1659 5038 19231 9225 8847 8183 23175 8092 19962 16145 10787 8223 12438 6733 24676 9188 2136 535 17509 20865 17889 17948 9879
15675 17237 19140 397 3658 11163 23903 11925 5038 11985 8123 3795 19530 8588 8092 20389 14640 10787 8264 16507 2516 17820 4041 20779 23952 12704 4477 16112 22276 6816
17007 1326 5445 10825 11454 4895 14018 14202 6399 12201 21244 11769 6183 9796 21455 8191 17336 19975 23186 9324 2516 22536 18602 4970 162 23457 2627 2687 7006 23777
17007 1326 7794 11272 11454 12343 14018 2521 24501 12201 24051 4964 6183 19976 12187 11856 10839 12114 20513 4848 15301 18096 5064 13518 24423 5844 24093 20382 9646 2034
18111 4061 7794 16379 9068 12343 10983 2521 147 12576 24488 14065 10229 19631 12187 11856 12567 20145 5326 7201 20757 6465 1068 19251 14614 18059 15082 19568 22496 4484
18111 19398 7794 9800 4650 23800 16372 23441 147 12576 118 20781 18402 1083 9764 23003 12876 18737 14251 7201 1978 17476 10820 10701 19213 15474 16917 15060 13679 20966
2362 5063 7544 9800 3082 1267 16372 24103 19125 13221 20453 6416 9329 1083 9438 6511 14217 19590 12958 18065 537 23878 7041 20053 18728 7700 23754 8413 1943 19920
2362 17844 7544 16368 3082 11381 7236 5975 19125 13221 11998 5554 20309 21445 9438 12978 14217 10785 13148 12579 12184 20347 12800 18678 9486 2769 18215 10606 3315 354
2362 14576 20647 17501 3082 14892 9721 5975 19899 3998 17248 5554 9914 8781 9644 16505 18137 10785 19048 12579 21274 20347 24593 7417 7690 55 1982 14473 5099 14378
10967 12748 12156 6377 10581 14863 9721 20811 24071 15246 1969 2303 9914 4125 10019 23013 16230 3905 19048 22778 1056 12539 13263 20635 8096 16543 22198 7953 11435 9220
20134 9811 12156 16920 23390 8939 7315 2002 13883 2421 7003 6140 836 4125 21972 2100 13997 16047 13901 22295 4170 6132 1001 20635 11043 21493 2512 1142 11406 19682
22908 9811 18046 6533 724 16042 3011 22851 15942 19318 24224 10281 4933 4125 21972 22537 16410 14844 13507 9418 4269 9730 1001 13237 11043 16709 16752 6968 11190 4739
5169 9811 6082 19308 87 16042 3937 4558 7493 19318 1984 6414 19528 10675 13563 24147 20643 16624 19770 8620 15017 1766 21045 352 23693 23608 7943 16202 9154 17644
5169 12103 5298 5306 87 18005 3937 7344 18128 2231 9035 22263 19528 2110 11683 16324 20643 16624 14298 24047 11108 1766 21310 19034 20986 23608 17214 8184 10400 2204
20912 13500 5298 1425 17630 24519 9687 12164 3038 2231 9035 18119 15522 2110 20550 21645 23749 8182 20560 11897 11108 17712 20044 20143 8611 13861 8757 19001 20411 15727
21772 9966 21438 1425 6727 16590 15111 20481 5126 3019 23365 18119 15522 13587 6716 23471 4862 1873 2679 3823 17725 17025 19000 14671 18245 2928 13231 4676 21101 122
21772 9966 21438 9923 6727 21952 15111 9441 5126 14333 23011 18119 4051 17164 5393 21859 4862 8256 15081 3823 22556 21186 4199 18219 6185 4448 12605 9469 23787 18827
21772 15432 13 408 6727 21060 1487 1804 469 23247 14917 18119 5267 10325 10088 12518 16357 13561 18675 21159 7844 18297 22080 1651 13180 13227 9444 14301 3444 15956
10262 8097 13270 408 578 23519 11085 1804 977 12615 14917 8839 5267 22830 10088 12518 12404 19138 14571 5564 23492 7935 22080 6834 16494 3258 23223 5945 20834 9731
10262 8097 20100 8101 24610 19659 11085 1804 23791 22530 10144 4803 1765 9655 18791 20178 14966 10009 15921 2746 22960 10132 22080 6148 17727 24039 2904 3425 9499 11527
13701 22964 18885 22609 24610 5088 3974 14957 20718 24605 10144 11618 17315 14604 265 11058 22112 13608 3698 5622 17053 11355 23428 6148 21614 3606 22570 7310 6180 18040
16550 22964 18885 19337 3238 6791 16662 23778 20718 17580 10144 21450 19592 12494 16497 11058 21018 16238 17598 5622 23659 11614 4957 16134 963 2357 6627 19732 5339 20731
5645 18403 15331 20017 18142 6777 3215 12010 21918 1177 17886 21450 5520 2988 8440 16614 21018 16220 18300 3022 10106 9829 465 16134 3981 12409 22953 11784 1791 6950
5645 16171 15331 929 2727 6171 13064 8488 9807 1177 1314 2762 13177 9240 17907 6587 3647 16220 21975 22409 1709 3676 11198 4542 21326 12986 15685 13629 21530 21809
14344 17498 266 929 16219 6171 12179 12602 12833 23225 10248 23540 13194 16298 15860 6587 3387 514 5033 1441 2296 12380 5957 24136 10770 12986 2974 17432 14901 19499
14344 6854 266 19351 24678 6171 18079 24473 5780 12260 10248 12984 21576 16298 737 20558 11981 9654 22459 20405 7390 3368 22882 9235 7224 20949 152 5702 316 12627
9053 6854 10306 2633 425 3194 5914 24473 19448 9673 6906 12984 12655 17649 19703 9384 21378 9654 22459 23753 17745 22105 24291 22120 2736 18826 6081 16916 20819 14746
21385 6854 5207 2633 9254 3194 7317 23770 4563 9673 6906 22107 11909 14796 18364 8471 5172 6057 10774 12538 2043 23748 299 14521 22036 18826 16389 17913 15750 20673
21385 12402 13656 21670 9312 7853 918 23770 10289 23828 4824 14928 21560 14886 18364 21428 12729 13793 12421 20031 20668 12645 19182 670 22467 23502 11317 8442 7705 16278
1143 781 13656 4294 9312 6603 17750 364 10289 23088 23940 14928 2995 20970 21023 21428 4466 13793 9204 9032 19404 10973 24000 670 9642 12335 13473 21491 9788 20756
5180 781 17681 7492 2692 6603 23587 11770 10289 16748 7321 3503 4333 9413 14492 18920 5559 818 17894 15156 15422 9213 8028 20631 13838 15835 21867 18760 10529 10597
4600 4101 16147 12008 2692 12062 7180 12490 13977 23178 19671 113 4333 21535 13878 18920 10364 818 773 15162 5727 5222 23557 9704 2165 20365 12784 16165 22783 1286
6107 3568 8015 12008 6821 12709 7180 13198 2272 1095 19671 21646 19319 7508 13878 12687 19954 2356 773 31 11509 12188 2466 7510 1561 2655 7221 22624 10095 6104
13121 22984 8015 12008 13742 14418 11387 3914 2272 5025 6422 20434 3967 5302 9176 746 988 825 14162 19956 47 10877 24231 22674 18983 3552 4159 22888 6060 15251
15002 22984 8581 12896 9034 1643 11387 12261 9898 6129 11867 10572 23914 19437 12690 12938 2558 4081 14162 19956 47 19359 23820 5893 18983 16072 24527 19190 3515 4175
20641 22984 3776 12896 16557 9350 13925 12261 9898 21231 5499 9446 4368 10513 21325 7928 1497 7901 2325 17633 6987 12822 5249 9200 7715 172 23591 601 13478 11690
18572 5851 13730 16096 6027 2340 13658 2487 19501 12131 6079 12197 2146 3187 23687 4402 9094 5613 6642 5997 1438 8189 1379 2507 15634 12230 23591 5575 6934 3782
15508 2269 13730 13575 1371 13923 20185 14003 24143 2979 3810 5632 3679 3187 8445 19425 1054 5613 6642 6977 15491 11344 1379 5192 4043 8918 23790 967 18593 13202
15508 2269 4627 8188 6344 22068 20185 17540 3677 5011 9786 5632 15096 7237 3037 11382 24631 4524 23961 19545 3467 14452 22577 12 2121 13584 10478 19173 14636 22009
13650 21117 4627 1580 15642 3439 20185 17540 3924 22493 5762 7338 642 4557 20052 19185 19873 12121 21498 19545 11259 20709 23007 17916 14351 5444 10478 18812 11561 12586
24500 22775 4627 1580 7064 3439 23861 2300 3924 22493 11571 19324 642 6908 18188 11449 12977 17839 6048 21481 2855 3458 15556 9091 7862 3413 12003 18212 9909 13183
24500 6939 7644 1580 9636 11793 6089 13685 11919 13460 2246 10409 4829 20387 8078 11449 12977 8961 3984 3845 21660 17041 9919 15650 10779 17155 1751 6355 11070 14681
18516 12589 24543 21528 18723 18553 12931 15903 7339 13460 1924 7914 2458 20387 21112 23171 2401 2905 3984 21068 7096 16284 20002 19918 5899 1522 22160 899 10334 24300
18516 23341 17789 10873 18723 18553 19908 15903 7339 19869 6182 18897 18623 4189 18829 4665 19618 4423 12508 887 20269 18696 20002 13640 9586 16587 18539 2102 5471 11610
2637 16921 18207 10873 3953 18553 17831 1388 3370 732 20785 18897 5495 4189 20127 4665 2648 4744 2616 14441 23741 14390 13377 19587 21775 2031 475 2102 16991 15435
18174 3403 6407 4065 1998 15665 15413 1388 14063 10893 4093 23300 5495 771 20127 18248 1405 4744 2616 15199 9620 2015 11412 4186 5414 7865 21323 11654 7925 6884
21388 5089 6463 19240 17474 15665 15413 17821 6431 10893 15428 7906 10537 1974 5800 12238 14853 5132 15820 24325 21076 70 12752 1213 16310 23145 13788 20892 24582 11592
15285 21951 7132 11567 9353 20875 4326 20239 6431 7227 15428 24124 545 1461 2800 3341 14896 18184 20804 2596 11675 2771 13845 1213 11533 8347 19256 8991 18613 19533
7225 21951 21699 23473 9353 13928 4757 20239 20087 9943 21520 24124 9023 19035 21078 22592 10780 8202 8700 11027 19596 219 24016 8737 7340 8347 5411 2128 24583 20652
7225 15733 2378 12781 10829 7134 4757 13931 20087 9943 23853 11455 6519 18029 1190 19595 9263 23824 11873 1319 19596 17459 12332 13520 14472 2186 24025 6334 9375 3054
3732 1445 16612 14635 21550 344 24326 5528 19748 13582 18645 8090 22656 1431 4034 7589 18761 23824 7063 20007 16226 1304 22272 1352 9514 567 19136 1417 23120 6084
3732 23337 3454 7363 1100 11644 24326 2284 16053 5533 6077 20958 20637 4615 4578 24463 23792 6409 1502 20007 2854 14698 7072 5649 10664 22256 24477 20472 6108 5436
3106 1032 10559 20263 1100 22575 8688 2284 6267 20542 6077 17027 12161 19883 4578 21240 20733 18995 8880 20007 6660 11943 14657 15018 9317 595 24632 20381 9117 9979
17731 21395 14557 1857 20920 4905 5705 2284 15338 18697 19881 17027 7502 9724 23583 20997 3200 15452 18604 10319 2344 6076 17578 10837 10689 21193 14904 5224 19917 14952
11182 17361 14557 10469 4496 15853 19837 2284 15338 14337 21745 3756 23803 17292 2523 24322 3200 4702 2264 1836 2344 6076 21822 10837 11581 1219 1237 9535 729 13544
11182 10742 10143 10469 1864 23806 8631 13418 18755 14337 5290 9130 10399 22917 13256 24322 16014 7725 4162 22525 1542 22977 21822 4893 22073 185 19863 10365 7403 171
5839 10742 22660 10469 9389 7299 12906 13418 434 8323 16828 16795 11912 9288 19115 14000 13337 15599 3378 16927 9442 21725 3565 10423 9327 22228 24187 14848 8928 3085
14811 22492 19685 11718 18146 7912 16088 20580 15353 14275 18382 16969 7215 5683 10195 6973 13337 4942 6826 10583 16582 18784 5313 10423 19891 13716 17774 24135 10176 17289
14811 11786 22580 11718 14647 7912 15025 6794 15353 14275 18382 22933 13990 16832 10195 8956 13618 2541 21929 19329 9030 12082 12095 10764 1320 7572 9624 7525 1922 4643
1251 4185 6922 20295 14647 4602 21391 14775 20291 2500 22521 13152 10979 23822 20349 13446 1233 23176 21929 21751 23036 997 11322 139 19162 958 24328 20619 6680 9743
1703 22836 7763 19791 16152 4602 21391 20212 15944 2500 5054 9260 24604 23298 18480 17897 15467 3781 5789 12036 22285 18683 11322 4250 11847 23768 4880 20619 23172 22954
7680 18654 17149 19791 14871 9593 20801 20908 16852 2500 20071 15364 12397 4213 20864 16335 23129 3888 17339 8136 20159 970 5685 4250 8295 21705 11961 2997 12418 19039
21324 17254 8572 5599 5518 24358 18770 17568 6423 19053 21017 653 3447 15902 1 16335 10642 10571 16906 1057 6159 13988 10241 15968 14593 7894 3479 14061 9970 2670
3805 17254 8572 5599 5518 23005 10852 17568 6423 14806 3354 1377 4629 21986 6284 14524 21355 5319 16906 11254 17450 16789 19010 4317 14963 7894 1123 15572 3620 14555
3950 7186 23896 5599 14804 4875 10852 9904 20649 7280 19481 17347 18473 21986 11971 12315 11798 14587 8901 23413 17450 8262 9128 14916 15272 2967 22590 18734 21459 7462
4680 23360 933 17940 21758 4875 10852 12877 23759 9132 13644 22517 20374 15460 22141 182 5856 3711 10470 20561 16884 22248 6387 22047 3133 6115 13096 14024 987 17612
4680 20210 10389 21418 1266 17130 5113 1430 23759 1850 11505 22517 17891 18438 22141 19345 11086 10730 11473 20561 9474 19523 7147 21440 19839 3588 4197 22780 15216 8681
21390 8292 10389 20034 1266 17130 6722 1430 1226 18342 6607 9735 23530 18438 5484 14291 6865 2409 13125 1558 20557 7948 7073 8695 238 16127 7322 22066 20813 17283
21390 19478 19844 20034 21496 6230 19904 13827 314 6481 18597 17120 23530 5245 22621 4529 13531 4048 7861 10749 22109 13870 23621 21736 4002 227 9659 14894 20813 5815
16619 16653 19844 14548 22670 7068 14159 23542 13802 16844 18597 9211 15999 16426 1198 1929 13531 4048 7861 10749 1842 13870 23621 8460 17086 8995 12371 18694 7634 21741
19209 13705 13079 2011 22670 7068 7206 23542 8887 20183 21469 23686 21657 10490 15917 1929 22257 24338 1218 17308 5241 10803 13116 9334 23723 22483 24384 21853 15196 21517
19209 9248 13079 23509 13169 7068 13369 6856 14082 3495 16645 8957 14397 1311 18094 21723 8166 14682 6889 17308 21984 9838 7358 12832 12172 14193 5223 21853 15013 10630
11818 7814 15620 943 21854 3983 3245 6114 14082 23194 18351 16825 20712 11484 13655 21723 11211 14682 22800 6106 10089 17471 12136 14932 12172 3178 17781 20428 19360 10265
21422 5787 5730 11195 22048 3983 24382 3685 18693 24474 18351 16470 8175 3337 920 2285 19120 17296 13542 6106 5158 1533 2708 14932 22271 24066 7401 16688 19303 6385
12170 4955 22352 15833 1812 18774 23776 3621 5778 24474 24475 19915 21088 21097 7829 17734 24493 17296 444 8304 942 5111 2708 21369 17527 11175 10762 11327 3673 1986
9271 6240 639 7606 12441 23230 19616 3621 7210 2793 19735 19915 2447 18709 3692 22490 18944 7858 15828 1456 1925 8448 3316 6490 6648 23669 10762 7152 18253 17142
10087 16881 2570 9332 18525 16456 22184 9104 7210 11048 4071 5135 2465 18709 17057 3955 6885 17645 16576 17161 22385 16808 22038 549 8330 23669 19278 20016 7972 5681
10087 16881 20510 9332 3904 21672 22184 13595 22909 11048 12905 3736 12714 12868 17057 24264 12166 17645 12207 21230 15218 13444 1004 675 7424 5605 1835 22594 5882 15679
2345 19497 20923 8502 9356 21672 14823 22859 11676 10323 19607 3736 16500 7069 4033 14699 215 4441 12207 10430 6103 9670 14728 10310 16458 356 11457 183 18509 5653
9803 19497 9779 3637 9356 7984 14823 22859 1682 8025 19607 16381 16732 18567 24042 3965 215 4441 9561 5577 2891 9762 23612 886 2070 9207 332 23812 23505 5279
3524 8237 9779 4672 9991 7984 3171 16209 1682 12213 11502 12041 16732 18567 24042 3965 13041 8720 9109 20750 10351 17385 17918 18166 16771 9207 11598 16664 3877 9093
3524 8237 15198 10623 24332 10309 10908 16209 6628 736 10403 12041 9827 18931 18690 85 1952 15496 11276 16829 17107 18134 8942 17595 15612 4642 23603 3954 20228 22657
15010 8237 24345 3934 16305 10309 3096 11373 6895 10275 10403 6691 4780 23343 9467 9713 9809 13876 17880 760 17107 17313 14077 16377 18139 11031 23432 16628 17597 6802
10362 13103 4909 19795 9232 15941 12749 14429 3725 8514 21251 24360 7851 6091 23819 5875 18524 11594 20116 2141 7089 14695 7286 15089 21766 15430 1599 14380 4127 23042
19506 13103 16740 19795 9232 2889 12749 347 23684 8514 4082 21269 613 7075 19187 24080 477 12504 20116 24673 18298 14695 6579 13970 2642 745 3058 1674 22958 1536
16117 188 6156 8523 878 9955 10550 1387 1212 14824 7974 21269 4436 24498 5074 19670 13380 5830 383 1127 8628 13804 10179 11794 11018 8022 21691 19905 16564 9419
17898 6042 16063 10493 21168 22375 21329 20793 14749 2939 2673 16679 4436 24498 5074 2955 19336 16601 12464 17019 18217 14506 13894 1905 2927 24634 18476 9005 8410 10477
17898 7692 16063 9214 18674 22375 21329 4522 21343 437 6489 16679 9451 12125 5074 2955 21752 1622 17697 12778 8550 3246 24374 7913 5345 11383 23747 12365 7220 1074
15607 21212 12361 23782 1423 13837 14541 4522 21343 6508 16659 24486 1798 12125 7538 11510 21752 6800 20656 20203 2387 19082 16615 23314 14241 128 18816 10331 23081 16812
15607 21212 15263 18011 1423 13837 24599 718 13352 6508 16659 24486 18169 19911 4281 5692 21228 2858 4887 8002 2387 7790 5427 5737 14241 19205 20529 6786 18814 17412
19932 22555 11020 13993 15849 11664 2139 16483 13352 8825 13832 7447 3855 12735 22622 6631 17665 21356 4887 1140 2387 17255 16402 21039 9946 15106 21501 13799 16950 24682
8013 6113 2717 16831 9883 17306 15475 18783 13352 8825 13832 17787 17316 12735 6933 4982 17530 13567 13370 1140 21277 9928 5193 16568 8047 24552 4114 11121 1442 5949
8013 2896 18036 11008 17938 17306 15475 18783 21261 21820 10458 19711 23784 24055 15826 4299 22731 11371 14768 12284 21277 131 8131 11841 5420 24552 4431 11121 12055 5466
11808 2896 16690 1787 23630 10472 17417 1706 23091 21820 2175 799 23784 24055 6142 5424 12342 15796 17462 17346 6227 5291 4918 15584 23633 17405 20929 24022 13803 10185
10553 16858 15790 1787 1823 15780 10480 1706 23091 8404 2671 13775 18684 7469 8214 13053 10054 18353 24070 18378 214 2410 23500 15298 13495 5545 16376 19029 19737 22708
23924 1073 14005 4978 15814 15780 19245 16806 6020 8404 11520 15575 18684 16028 3414 13053 10054 22129 20518 18638 12191 10872 16251 16520 16297 13849 16376 974 824 14489
18660 20376 4897 24203 20067 15780 19245 6683 12106 8088 6761 4592 6037 24286 17848 15795 711 7120 24607 6365 12191 14421 19075 7117 6358 4045 10188 22746 3077 14954
18660 17776 16589 4040 20067 23165 23259 11870 2106 16050 11553 4592 2937 22290 17133 13107 4242 17286 23240 6365 12694 14421 17028 19440 1827 2215 10188 14094 4099 2492
18660 17776 16589 4040 6863 16493 15410 9170 2158 22439 20876 18383 21157 875 5178 3960 20359 9577 19424 8671 13854 11401 18442 8157 11616 9949 3417 8074 21886 4313
15142 18972 13859 18006 6863 18840 16996 3211 2158 633 21845 9632 10946 14287 2618 19627 3801 12410 22292 9281 20105 11699 5551 8291 6249 13253 23249 4647 8255 23459
7547 18972 1718 22425 8739 7207 15314 3211 19901 633 21845 9632 14432 19447 8377 17048 23386 6340 22292 9281 21856 14757 16030 11737 9313 857 22363 11083 21980 3188
7547 16607 11019 6728 8739 22378 12495 6371 10896 20639 1517 6994 3610 5719 22801 6527 14100 18047 16058 18871 18273 17816 4727 21885 22345 687 18140 373 18837 15185
16521 16607 3232 9004 13013 14315 12495 6371 312 11743 72 24106 20549 7016 24650 6527 16299 15134 10051 18871 7596 800 23136 21885 2103 1769 885 11816 18837 10379
21920 23156 11977 13620 17979 1512 7400 15912 6700 12697 13083 24106 20549 7016 16625 11608 23582 15134 2393 2430 8395 23709 9787 145 2167 14782 3010 4362 22034 11890
21920 8562 15478 13620 2511 21635 15771 2224 6700 24479 8406 24106 2665 2084 723 22946 20612 10371 23263 1759 6684 20135 17653 8889 6633 6086 15649 8420 16630 5486
21920 8562 4330 2664 3548 13113 14393 20463 6700 24479 23099 24106 23644 12015 12867 20425 19584 17513 24539 17554 6684 16231 21644 3 7515 22884 12703 2998 10922 9579
8966 10083 4330 2664 4796 353 17944 13139 22649 7630 1368 24106 21881 20992 19321 20981 17352 17513 7985 20164 2969 16231 21644 17420 13363 10739 7651 10681 11014 16136
6319 10871 4330 18185 11358 1248 17944 13139 4183 5433 12413 24106 20806 17715 481 23963 1676 5413 18307 12472 18033 16539 9287 10974 13573 23880 4387 18408 21978 5989
2662 20615 16909 1023 20894 16496 17944 22321 20587 24636 2605 23207 19585 16349 6486 10662 1676 5413 18307 1359 15919 4310 10542 15712 8667 13986 4387 6313 18252 14549
1833 5724 8012 1023 2916 9089 17944 4974 4996 2677 6191 23207 19585 3912 17001 14330 412 7198 9133 9584 11742 22464 10542 9306 17626 22895 13784 4937 2604 20541
16798 5724 15741 15400 10775 12286 14304 8538 4996 14483 13934 23207 11219 7716 22763 13910 12468 13093 414 18514 11742 24466 5720 9306 20055 8730 23936 8075 5071 89
7343 9234 13945 12484 3174 12141 9974 9119 1344 14483 21623 18776 21689 8926 22763 4459 2696 11701 21377 24484 18926 11713 7235 12794 6322 21025 8680 4067 15604 2849
7343 17920 16826 955 11917 12141 9974 1025 7247 10760 21623 6236 10506 20276 9147 14129 24276 18315 22853 14260 19085 11713 9437 8254 13376 2628 1697 1933 20696 13641
13475 12336 10862 4766 12894 9021 9974 13555 7247 10760 8643 8267 10506 5910 9147 4603 3510 20266 7686 12585 12777 3853 2118 16642 22929 5073 14908 20963 18712 13069
8705 16663 23739 17373 10641 15286 10381 22063 15107 10760 19651 8267 10506 2621 21781 18470 3510 7161 8655 19570 19673 15786 11926 13426 482 15262 13158 14498 5179 22069
8705 18662 23739 6608 7158 6293 18308 11558 8589 22139 19651 18950 10714 21226 3224 18470 20128 7161 18909 20620 20492 20059 16713 13426 15417 14125 10420 4447 16287 24058
12759 16986 19756 6608 10558 6293 12071 22043 5432 22139 16866 12265 23671 18869 925 1931 23503 7161 7869 20620 22223 12681 22617 13426 5408 22679 8835 17743 20841 24526
21314 16986 11044 4709 10558 6468 18984 22043 16850 22079 9661 13818 1188 12435 18636 24545 6981 1746 12631 20620 22223 13073 6770 14562 12677 21448 804 13881 17722 15064
21314 797 11044 4709 12826 23285 5821 23030 5233 22079 1504 20900 1188 2744 5561 22176 17641 1196 21058 1404 3008 6586 6770 17736 12659 5344 13734 20001 19807 12904
22400 797 20447 8773 12826 23285 844 908 14040 11208 1504 2399 24176 652 10661 6127 9549 16963 14612 13642 21065 6260 11725 21307 21906 3794 19614 11101 23149 10685
19633 8324 20897 22457 10264 16408 6510 908 1865 2336 17496 2399 1376 5060 15041 6127 2489 4328 7261 19655 12223 3123 19405 15533 5806 21225 1093 19695 2098 8045
19633 1757 3738 14792 10264 24602 12355 11682 18825 13056 23195 4688 11489 12865 9252 24438 11111 24492 4386 19876 24329 1072 4274 20193 17521 13724 20950 7399 12878 22324
19633 1757 6285 14792 14623 10082 18497 4222 9544 23517 6408 16770 13300 12865 8532 19330 18007 23978 9399 17400 5907 20741 3233 4896 22802 15087 3248 17968 7593 23837
9160 23010 11137 12352 15392 12267 18497 4222 9544 4817 18969 22804 19444 15654 5426 19330 92 20300 24165 17846 3462 1966 14231 21106 22802 15087 18977 7239 23617 14798
9160 12646 11137 12352 2797 13933 5970 21484 23731 14141 18969 18306 8257 63 11297 19330 24200 4111 14606 7967 19141 3367 3285 12450 24173 14233 23628 14339 7817 24403
6289 16137 1570 13598 2797 18687 5970 10137 4135 18513 12875 18306 6272 15559 2222 11148 23975 23020 8412 14641 13129 17911 23080 14229 5321 1488 8738 9236 20180 16767
1888 11055 1570 106 20221 23539 2688 3117 23886 16911 14164 20133 2784 6567 2222 15913 17693 23020 8412 2911 19707 16 23080 14229 5321 5391 3976 23480 24422 16745
1888 15934 6370 106 23655 8874 17069 13823 3015 9868 19476 20133 15962 10098 12741 2471 22335 4446 7486 2911 19054 10900 21690 7381 22010 20858 19987 3493 9622 6921
13962 15934 19802 5539 21592 8874 16744 13823 4898 11477 24272 20133 5159 24305 20776 6521 20565 23092 15259 6476 8186 1185 1440 8944 5846 24456 16531 17695 15729 5040
13962 15934 12661 13758 5773 23193 19084 22914 4898 16259 8943 8865 5159 23348 19872 13016 22561 14722 16084 6476 8186 16141 21197 9585 20939 21831 17272 22235 21164 13397
19490 9996 9461 2425 5773 1211 19084 19157 6877 23288 14274 5814 13593 23348 19872 492 10412 13042 15346 10059 826 12325 21197 22531 20886 3530 23210 17089 13513 1298
7156 13735 19728 14536 9161 18433 19084 12972 4490 3858 14274 7228 17196 2422 19459 1752 21140 2154 23645 8816 826 9169 7875 8725 21456 7046 22301 5913 4601 1433
16787 16809 19728 14536 10854 5308 10756 15992 21118 3858 7008 20244 17196 17404 6989 1752 11788 10532 23645 3763 3611 9169 9246 11508 9521 21211 7131 20385 17051 6447
21449 8990 19728 707 7308 9411 10756 22020 19888 3858 21787 19491 13989 2629 14839 21883 20248 19768 8220 19722 20099 10105 9116 11903 9521 18564 14243 21394 15933 8221
8763 10002 4309 23347 7308 4188 3574 16533 19451 1632 21787 16657 13989 20703 1365 4871 16229 3771 6849 18901 2932 4993 9116 12881 17370 17809 6110 4418 15366 20918
2506 10002 4309 7263 17440 12815 14352 18451 8346 23531 7212 4116 16008 24319 2877 17166 21526 18123 3290 18971 2932 7457 3156 6828 21125 14992 2209 17486 14235 12901
13637 9052 8432 12436 11169 12815 6459 2663 9831 5262 7212 9273 22512 6750 2877 1080 9087 519 551 20638 714 14620 19859 11937 19281 17042 8050 19686 7649 4278
2239 9052 8432 21283 1901 1465 14879 8771 315 4944 7212 654 22512 3135 3899 22209 821 23198 23436 23974 23238 8759 9516 15126 21480 17601 24249 5863 9903 12550
7590 16605 15362 11325 1901 5582 8365 8344 18028 20715 7212 23475 9956 11353 2214 3768 20967 10455 24427 17469 15573 18077 14508 7843 20112 18309 13769 3073 16591 24011
7052 11790 6151 15854 23126 6237 22844 8782 18028 6949 15317 21353 20439 11353 2214 2181 23797 19314 12411 23604 19198 990 14401 19493 3240 11785 19930 8073 6836 4823
7052 4884 15577 8490 7427 3304 22844 8782 9571 17187 8749 12240 19779 22220 16149 3353 23330 2493 8924 19449 17341 13764 9795 21160 5629 12340 14906 10160 7289 20042
10551 4884 15577 21376 7427 3304 7770 10421 9571 16775 8749 2283 19779 8896 23795 2151 13632 17247 10101 8900 17341 13764 21923 21052 1510 9502 5349 21709 11307 20727
2768 10690 22247 19890 14781 16627 2851 770 21780 16775 8333 24220 19779 4117 15412 18062 13632 24521 7145 8900 11348 7841 17295 23381 2945 7374 5349 6747 5282 19211
11105 10690 22247 10951 12844 14126 18536 770 21780 15847 8333 20408 8753 4117 16447 2225 12971 4648 18446 6651 17516 21254 15377 7466 14600 23279 8805 21441 17444 22494
11105 847 22247 10951 2388 1007 7353 7222 6839 24433 21785 20408 8591 16417 3847 907 14022 663 12420 13709 5889 21649 19629 1918 8059 14442 16517 14512 12362 13218
11105 4526 6686 15303 2513 1007 10788 11552 2606 14357 21785 13835 10349 19046 3788 759 1965 16840 13252 8912 3873 11220 1610 221 6279 9455 20645 16264 18976 24190
4774 17499 6686 12860 12475 24349 11060 11534 19219 14357 21785 13835 210 4499 6771 6810 23599 19843 4365 8056 1366 20057 12047 10682 4195 4113 22767 24027 7599 18374
1104 12789 6686 4545 23112 20311 17905 16784 19219 23805 10643 23998 210 4499 53 16139 9166 10203 20275 7420 22070 5550 12047 10454 4195 1521 16953 22694 1623 5069
17375 4091 6686 187 19358 12077 17905 15278 5201 11173 1071 14008 18966 12641 4948 1687 19563 19613 8857 5378 13232 5453 3209 10356 2168 2594 13010 22906 4825 22682
13913 23559 6686 10617 12909 9311 17905 6100 1269 4312 9635 19753 9216 12641 14756 19047 19423 16824 17342 18698 13232 21833 854 17872 13205 19958 13010 16256 536 4339
18400 6403 7980 10617 17000 12001 6900 6100 2289 14643 16714 20603 4254 10781 24440 15626 6093 18284 15587 23125 9431 4384 2353 6349 17245 17667 6394 1644 13385 20688
20519 22868 6015 10754 6412 23944 6900 6100 34 10752 16714 2715 1578 21814 7561 15626 21777 18284 23468 9915 23848 12359 6202 10291 24142 16942 867 2884 12145 6445
12331 19170 6015 10109 6412 5807 680 6100 19312 6565 16714 8884 9152 5024 14133 23578 19612 14511 24057 5931 18160 18290 8937 8081 5884 23483 7279 16406 3567 17662
15011 2614 10415 16577 8164 20327 16489 5347 19312 6773 12820 2649 9152 4966 14833 22599 8392 16138 21287 338 12632 16367 24371 3959 4178 16854 1495 8870 12652 14190
7470 2614 10415 12483 8164 6966 16489 9696 19312 22347 23605 1899 17892 18365 8585 22599 16336 15762 19327 338 7111 20633 24581 15288 6034 20968 20522 7378 1284 15760
12102 16144 11773 23575 5128 19415 16489 21080 16295 22347 9864 1899 13342 19079 8585 688 12334 8434 14325 9149 22390 22742 1210 12734 3185 20968 3262 1204 13122 40
21154 5578 1618 10151 18961 1563 14996 23977 16763 1851 18981 22941 10226 19079 10927 9203 12334 396 23422 16054 19210 19477 7566 5797 17544 21990 301 8817 5164 3975
11062 20491 1669 10151 20198 1563 4171 13112 2940 2733 10686 22612 1783 16244 23359 9562 20512 16085 20305 15708 4056 19477 14639 2622 15879 11712 9711 22322 15972 24446
16427 18934 14519 1656 20198 10704 4171 13112 2940 16200 6902 584 8554 16244 23359 21857 20512 6784 2208 12738 2415 12699 9077 17431 15879 6032 19409 4140 4498 14539
6741 15736 14519 11172 12516 10704 10300 10011 8528 16200 6902 584 22734 12739 5271 22005 18643 23990 3111 11738 22329 7445 10998 14985 15776 12926 19247 13355 16286 18439
19828 4102 14519 8130 218 10704 10300 10370 15748 14838 18243 20339 19155 11005 23055 3583 11839 4493 21030 9355 11849 8135 696 9776 5399 500 1945 21153 10124 2826
11114 3585 13950 24689 10044 3000 10140 14383 2321 8492 18243 17497 14872 4201 6487 5156 11839 10860 21030 4926 10992 12074 11306 2081 6335 10784 14493 14184 10114 20361
10242 6806 9191 22863 10044 17643 21639 13564 24461 5725 14813 3709 927 21682 1097 23611 4943 23482 21964 1202 10992 21692 20685 273 8734 8797 16212 1383 18428 21268
20186 16654 18313 11538 18766 4247 21639 22118 24461 20328 12788 19996 12019 21682 17205 13272 4618 23482 12044 9736 14309 3528 2420 15368 18296 17849 21256 13193 14367 3288
16684 24414 10031 12460 20822 9976 15681 18220 12052 20328 2842 13328 18013 12939 17205 16169 2524 8196 20586 16121 8248 6756 23083 23729 97 8200 604 11492 14367 421
13317 4212 6959 7496 17608 15560 4059 4515 24252 17765 11225 13366 4754 12541 6254 18486 9818 20928 4645 673 16819 16635 20264 22847 4314 5798 21352 7604 17780 24612
7959 4212 23411 10590 17608 15560 9750 1432 13577 5015 19970 5909 4754 12541 13219 18486 14155 16815 4645 22751 3045 15188 8741 20416 4670 14776 8506 4369 22787 3720
6661 16823 8893 23340 10965 21748 20904 3429 511 23643 19967 14572 15190 15983 18281 18486 23506 19704 12245 22751 12208 14828 16188 23928 18257 20318 9540 17974 14803 9481
6661 10484 17980 2411 22446 21748 5380 10885 511 17176 13463 11830 10121 17146 18796 9233 6061 19704 7801 18731 19936 9695 13143 7296 20572 5574 14537 2020 1554 15532
1541 23564 7610 3689 17103 21748 12678 23844 14946 24448 8061 22691 21424 22212 11541 20422 2799 19704 10210 18731 19582 1960 7971 11705 16561 11469 12434 11855 11772 21559
11720 16123 2330 10270 15470 8384 16841 15169 17075 21730 8061 22691 13833 16599 9867 8727 9059 16240 596 20448 12596 24021 12123 9113 17856 11636 22169 4834 16221 12737
10212 20787 19145 10270 19241 12841 1250 15169 17075 12059 15088 4262 13833 16599 9867 1000 10076 15701 11115 5908 5735 1028 8868 21939 18179 20208 13410 931 608 4419
10212 4925 20202 5438 19241 7458 17236 12891 22867 21433 15088 4782 2017 11131 24234 12150 3879 16176 23306 10887 2638 7256 14518 2847 16174 18528 16637 7033 22655 12770
16038 4925 20202 17999 6562 17181 12158 19536 22867 21433 15088 10813 15598 3065 23418 18060 12691 16176 20730 18741 23029 6193 14518 9835 12635 5016 21505 8934 223 3297
16038 4925 17111 2695 14970 4244 6843 19536 12683 8775 21189 22430 13938 20429 23418 568 11237 16111 23674 24383 23029 6193 213 13812 8736 18924 17359 23993 12000 20938
5048 3980 12723 249 5965 4244 6843 22633 12683 6886 16164 22430 14188 21173 19861 568 7536 11087 6111 2709 15438 18575 22253 8328 22733 21208 17359 7349 17960 14765
11366 9325 18828 249 7104 4244 23920 23851 24191 6886 16164 23363 61 7471 19861 568 807 6585 1582 22563 24444 18575 22431 1103 16302 8150 8319 20363 13247 24164
11813 10165 7521 7108 7104 16131 17246 13959 24191 10073 14670 7456 10156 7471 10712 24445 807 1861 16411 22744 16180 20488 19161 7736 3536 17481 5795 13686 14127 17124
23295 17141 21094 609 1121 24098 16130 22151 24184 10073 23043 7456 11979 22675 18419 10525 9408 10271 16411 22744 16180 21171 19066 7736 1238 18615 23708 19845 21671 1138
7204 17141 21094 4844 1121 23642 4841 23695 24184 13676 2841 23932 21380 22675 18419 17733 9408 11631 16411 4107 13911 2725 9625 5039 117 1649 23661 23416 22965 22306
7204 17141 69 4654 8684 23642 3053 9889 24184 767 18225 5287 7326 8979 384 4232 19550 1360 24499 3499 13911 6880 22031 12622 17609 21932 15970 13489 689 21669
592 23907 22813 18125 10504 23642 16467 9889 24292 6625 7028 5287 7326 8979 10014 18973 19550 11711 24082 2984 7691 2090 4120 23490 5770 11269 17691 19381 1325 20525
23884 19510 21047 1278 2836 8439 18108 11655 12937 2693 7028 6469 416 12671 10014 10575 1047 22518 10057 23433 17039 10227 3177 12433 3575 8664 18250 19615 538 4474
