6344 8455 17759 4374 18609 14707 3148 3934 6939 11104 8351 18908 19748 19259 3166 18914 1169 14260 12659
17515 3340 17759 4374 9804 9091 12788 3934 11564 17619 550 18908 14442 3500 6540 1623 12283 14471 12532
17515 3340 3080 14459 14008 3529 12788 17915 11564 4292 5525 15650 3668 18457 7086 15443 18834 13217 19029
4626 1527 14160 8966 14008 12027 2651 8019 11804 19730 14637 17022 14658 4716 16459 14262 7826 11492 19530
4626 13798 14160 608 1072 4184 15402 3454 8482 19730 2922 1126 7842 1078 13393 20156 15492 2697 13225
14278 20015 17159 608 11490 7865 20480 17274 559 8014 7033 14676 6863 16982 13393 2034 5299 17443 4495
14278 1988 11197 13549 11490 5781 12951 1328 16865 5097 7033 10447 13143 14994 4980 6673 4625 10082 19988
5487 1988 3061 9047 4859 8131 12951 19314 19216 5741 18220 16727 17316 963 17450 11722 2151 13576 1953
8551 11532 3061 3823 19491 10679 12951 6360 1694 13044 18220 15248 17316 16236 11350 11722 17732 9267 16850
20210 2906 16824 3823 1569 10679 1061 12512 11504 1164 19365 15248 19260 20365 11350 4357 12783 6169 4959
3016 15542 16824 20070 18244 7020 15693 2846 12813 20544 19365 4546 10600 14250 9671 614 10863 17057 9735
8139 15542 9266 9516 8010 16137 15693 17695 4025 9770 4880 4546 279 1828 724 6292 1737 3063 10416
9914 17432 9266 10026 17256 2024 4300 4141 14972 18799 4880 13595 12036 7440 5001 3304 11954 2316 5804
3094 17432 9190 18644 17256 11638 4300 4141 8225 19440 19823 18646 15240 9855 3267 9158 14148 8403 16305
15618 2784 9190 743 17256 13162 7515 4141 117 13570 8708 18646 9426 16308 11017 18733 8268 8374 9300
12329 17911 11477 15432 14857 13162 2646 5774 4736 20495 18045 937 4188 6172 10452 18733 14445 20681 2981
8065 17911 18397 19298 3472 13162 9757 4476 9868 16867 6177 937 1376 6308 13960 5141 10351 20108 9878
8065 17911 20701 6266 13233 2652 15657 4476 18247 16867 20820 9014 5511 12746 18122 5141 7832 13452 13894
18751 5004 6692 8173 13233 622 2397 8232 10255 18774 6547 9014 13804 322 13181 9475 7832 13452 17047
17947 14932 6692 8916 6261 673 3342 8232 14255 8188 5171 16615 18895 7825 17020 731 3756 13988 11901
11207 20425 14338 17612 6261 9820 1753 1357 14255 19239 1746 1299 18895 11332 18379 17830 13590 5105 19679
14696 20847 17770 17612 19163 2721 20374 1542 11962 19239 3356 1299 10204 20074 3487 770 626 3906 13399
868 20847 19894 11192 20836 16349 16090 3845 2534 16922 20068 5311 9851 1474 9864 770 6724 20722 8086
1245 3160 14215 11192 15722 16349 1205 12931 17683 13379 19080 19575 10307 7356 6484 1438 602 20722 14110
11384 16123 14215 10422 19424 2702 4780 20602 2460 9825 11022 6605 4390 16061 9658 15165 3179 19632 6934
4343 11412 13706 10422 19424 18758 20400 9686 5934 3921 7244 6605 7739 16169 10828 15165 14600 4406 15687
7335 15520 9021 4861 17085 12912 5236 14636 17723 9624 7244 7211 7739 16169 16919 6215 9647 20189 88
18824 15520 19194 13790 1673 4668 20007 3199 12878 11352 14053 20468 15800 4973 12861 2947 2180 12739 17803
18824 19286 7587 13790 5831 16845 20007 9359 15948 10142 1986 18489 9967 6514 12861 12177 6387 1177 5798
19814 17018 17878 13790 5831 20413 7036 8539 2849 11618 19370 5834 5755 12824 6879 12138 16250 12790 11423
11004 13550 12482 7505 13011 9832 6969 8539 4939 11618 10030 9504 16280 3295 8124 11561 20110 12340 20523
9096 1708 12482 7505 9630 16018 13739 8539 4939 4129 8547 8716 1706 19657 17347 2684 6341 20020 15473
10108 8796 12897 3953 9630 15341 1295 11754 4290 19969 13096 5675 5820 19324 19436 12883 5652 694 14678
545 8796 20535 13913 13065 15341 1295 15326 20543 12375 13096 2122 5820 16494 8157 20130 5558 12326 8479
12323 1911 4879 13913 8253 11692 18475 10758 7118 12375 13313 17711 5820 9489 19625 3554 2099 12235 5112
8579 1911 20844 9560 11681 19454 13014 18518 16822 11921 13313 16401 1000 9489 9520 20446 3769 20227 2179
8579 18086 822 9762 12280 11257 13014 14177 16822 11921 19723 14823 5272 10356 9520 10798 15190 3759 9963
13457 12606 8261 17120 12280 20181 2788 12658 20239 18921 4680 9484 8549 13073 17225 14643 20224 20586 10219
925 539 8467 526 9916 1666 19734 16719 11146 18921 4058 10675 8390 17180 17225 14889 10444 3842 12185
7300 539 13017 5295 12263 10373 11055 5669 11146 9160 15666 8255 15874 7752 7427 15517 5691 10380 4175
7300 6038 3362 7060 12105 4118 1733 18149 4221 9183 1852 6983 16501 8452 7846 11169 4994 2474 9283
17905 16352 3887 15349 2083 4118 8835 14320 4221 9400 17635 11439 16501 10709 3909 11937 20307 1516 895
17905 17540 2753 15349 7594 20330 8835 14320 4221 11553 2087 17992 4407 13870 2728 16234 1491 1516 7991
19538 17540 10655 8384 14578 20330 15416 2685 2208 9481 15156 19130 18581 10769 12373 5103 736 17382 18036
5979 4086 5753 16908 8055 8728 15416 14242 3674 9230 15156 10425 13944 17821 11766 4419 5416 10770 14866
19606 4420 13365 19263 6053 8728 7305 10934 1774 9230 17145 13000 7955 2770 6580 5593 4854 681 11137
19606 4420 19971 19263 4837 17823 4969 16771 15350 5680 2848 13000 14475 1342 12161 5593 9163 8257 13954
9950 18367 1494 5913 16989 4529 7068 16011 15350 7337 461 17079 4010 1740 10930 9706 19368 13282 10310
18225 14151 17477 15516 4615 4529 16321 5319 9450 11071 13312 11706 19439 8809 8816 1213 19713 14871 16933
6792 199 5117 11143 547 11569 5262 14890 16709 12798 18116 20272 6797 1691 8874 3330 13591 15820 4695
8030 18820 5117 16984 547 11569 2939 20035 15019 6461 4399 593 10556 13102 10689 15741 17091 17782 4695
12993 11012 7217 1478 224 16580 18465 3066 18286 17717 11483 593 10556 15804 10689 15449 11945 17419 9172
3308 11012 7746 18868 1272 9353 18465 1620 631 17717 7473 593 17066 2514 1937 7966 2249 10706 13918
3308 18897 7746 18868 1756 9353 18465 9318 10800 14100 7473 11193 9976 17359 1891 5739 20458 13298 9462
3308 8602 2128 20281 14279 11066 10844 8006 17086 12907 11759 10371 4976 2009 19694 7526 6841 20715 15282
13676 16095 9835 5010 14279 7006 9527 14684 17086 13422 852 19449 9677 16216 15680 8233 2195 342 1024
14726 16095 11264 3747 11119 6936 8610 19423 5424 17912 11427 15242 14219 4923 11282 4563 9850 13621 12025
9571 14003 2148 20337 10610 18986 15896 19423 4360 4842 11427 1243 8609 4923 19036 8339 2827 18213 16611
9473 12179 13540 5991 4930 18986 1236 10154 4360 15239 11222 1243 8361 15077 10578 8339 11176 19981 1538
20393 61 16962 8758 12537 14065 13992 6886 3733 7627 9600 18056 19719 15077 3507 12967 2607 5125 6573
16426 4469 6678 8758 19172 8234 6711 20440 11811 765 16715 15603 19719 8149 15483 4489 4115 6751 20403
16426 4469 2799 4187 19172 19273 7546 272 2834 2058 2588 8757 11923 7755 4311 4489 4115 4005 1578
16426 6661 9463 18940 9026 19273 6611 272 8919 11164 391 4389 1370 1129 1488 13722 12400 6330 14911
6143 13770 9463 17474 9026 3282 15851 6157 774 11164 14154 19456 17703 10599 11394 728 17213 5087 16026
7644 13770 11640 938 10477 18935 13682 3053 10636 11410 12028 12221 12078 18928 7172 12094 3482 333 17285
7644 17956 10283 9905 20816 18406 13144 5115 10636 13470 19333 17156 4182 1249 20089 17023 12916 17894 7046
9829 1585 5869 4265 14236 20455 13144 5115 20147 15119 18790 6164 3137 7208 18153 17023 6208 16124 19412
3394 1594 1493 1515 13149 20455 14550 11731 14997 756 10090 19492 11234 20203 12656 13281 2570 6304 7360
1557 4972 1493 13958 15944 9775 14550 14673 1955 6004 17306 5258 11149 6199 2852 2619 6777 12254 10749
19619 12590 1493 10317 402 11613 4448 14811 19356 9991 17306 13661 11149 12634 4796 18667 7974 4116 10875
19619 8795 15082 11906 16028 4781 18119 14811 12615 9991 17306 6550 11149 6749 3488 13193 7605 14385 1499
10548 13141 15971 11906 11742 17412 11864 20422 1700 2628 2405 13895 2562 10109 3449 15672 813 14977 20765
10510 11033 5853 11906 11742 20058 11864 6548 1921 16069 2405 7358 2562 16347 9884 12385 14417 13835 9629
10510 11605 5627 14539 11374 20378 12755 9265 1338 18383 4246 15067 8066 6670 9884 1201 10983 9119 2920
10510 8420 14472 13633 11374 16293 18269 4120 7518 4267 13227 8123 13704 11429 3933 11036 18111 19313 5337
20659 8420 14472 14975 18274 13110 7245 19336 16159 12115 13227 8123 16637 4430 15010 366 8324 17191 2075
20085 15577 17241 7113 9203 13110 20131 11094 16159 2238 13839 3453 13161 16670 6203 18471 10019 823 17502
17027 15577 5373 5231 617 14384 20131 16600 3015 9746 13839 783 15988 3810 17087 1125 9214 15421 811
20219 4606 844 8025 617 15614 20434 3067 15186 8646 7303 999 15988 19958 9082 19644 20842 2120 10445
15937 17976 844 421 1200 17602 7768 19927 15610 7737 7691 9587 8061 4652 19716 19644 18309 10486 14172
18977 3250 5395 20488 1200 17602 42 10998 13381 13190 17529 15378 20080 4652 98 7028 7851 11067 12857
8069 10089 5395 20488 14268 17602 5456 3804 10367 7237 16626 11530 12469 15012 10786 4072 12380 883 607
1889 8784 1475 3708 11785 20807 12694 5098 4348 17206 3814 19427 8027 14142 14479 14923 13376 7294 13544
124 797 4217 3708 6303 12793 19651 16708 12130 10273 17247 7248 4814 3718 12613 15311 18533 11823 9785
124 9558 11202 19698 8603 373 7965 11438 11182 59 1011 7248 773 4740 7592 4667 3447 10033 18615
12543 13373 20225 5477 18802 18164 7965 18723 7844 12801 14316 20416 17816 12332 7790 9696 4619 11147 9174
18032 9429 9971 11698 18290 20574 9364 3035 7844 12801 13738 15468 15770 8692 20483 18438 5596 10032 8566
7155 6197 9971 11698 19900 2608 8721 3035 14758 14794 13738 16103 13573 13388 15057 4883 6044 7283 9255
18852 16624 18698 20079 20357 4727 1715 14799 6391 5523 18881 14525 672 7872 2704 1195 16259 7629 10390
40 16624 15785 20079 20357 5268 6397 14799 2350 4874 14034 13092 20012 10641 2987 695 16259 13712 10390
13241 589 15785 8710 11762 10384 1663 14799 2504 9650 17360 20830 18196 3995 16784 5213 13290 15579 4521
3504 589 15785 8710 11762 17746 1663 4289 6441 13520 17360 20830 14546 20154 15255 4536 5666 1155 943
3504 4110 6742 16164 19687 20198 17616 4289 1547 10465 633 16040 19059 15329 8793 10267 12133 13307 9695
7458 4110 6742 5940 5689 20198 13304 4289 14 748 7729 4975 8306 15329 9687 12388 12133 15885 7203
11947 3665 3032 12859 16378 18588 1242 13939 14 15738 18436 16100 2432 14627 15304 16899 13107 6467 9907
5944 9669 20839 12859 10438 4951 15025 2021 16748 5526 11138 8775 9037 16361 4365 7362 19595 11594 10295
11047 11877 11880 19756 15063 17096 12167 14698 7240 20497 3547 2586 5863 2036 6465 284 9302 7411 15930
15608 16301 2367 19756 14265 17096 2310 16519 9568 15177 2220 16150 13416 8334 4825 19169 16006 11842 13375
16492 6866 18718 19756 6801 17096 2310 5711 15583 20370 19818 15774 13416 15877 17690 10720 14699 7570 17997
2015 11045 17335 17387 13727 7532 12237 1014 5426 15225 19818 15774 9276 5167 11686 3219 4721 10101 15284
2124 11045 17335 2214 13727 7532 13483 20195 5177 16147 11721 20218 1695 5167 4681 13244 1107 1259 15284
2124 5486 3425 17917 9389 17511 4902 20195 11524 18934 17719 20218 381 8448 7163 15530 14700 10903 12281
2124 5486 1334 5553 204 13993 7998 10661 11524 12582 4045 16411 15429 18157 15324 6421 16328 15903 5062
17354 12660 1359 5553 14088 17190 10993 15751 11524 11851 8915 9289 2169 18157 451 8821 16328 11968 11224
11512 12660 3503 9920 14088 13964 12158 14188 15022 16373 13626 13148 1414 13477 9688 8821 5254 10523 12579
9472 17009 14218 9920 7432 3877 19128 20361 4125 9430 20580 2839 20212 4347 6715 5328 5254 957 9408
9472 2516 764 10741 4281 8837 18055 1935 3385 9430 20353 9069 5070 9034 11360 5768 14284 14842 19108
1235 4073 8015 10741 4281 2095 9563 6086 3385 3626 15718 3417 8062 4840 17253 19864 15798 19750 7466
1097 19590 8015 1375 13765 12060 17196 20302 1595 17981 10660 4999 4402 2491 7871 15020 15840 12717 12975
1028 15699 1863 1375 13765 12270 17196 20302 2606 16503 19322 20698 8495 4635 3770 20390 4597 13177 7402
1028 1704 1863 19559 11046 376 11931 11390 10886 9315 7198 17585 20594 17851 12366 17648 5930 555 1268
1028 1704 9165 13411 11046 12282 16029 11775 19270 9315 7198 5050 3987 5376 14590 183 15570 18613 7104
9860 8052 13654 19457 19953 12282 16257 6802 8832 13005 1983 7434 11321 13474 3324 10619 10206 8042 10439
17077 16202 5176 10794 19953 10616 6371 2483 19193 17365 19061 726 17139 14308 14181 15391 14816 9698 7536
6070 15907 16368 10794 16523 11274 6166 2483 2647 17365 19061 78 10672 7701 13272 17948 16870 15943 6798
6070 5712 19226 14945 16523 10237 6166 6958 18299 701 19061 3535 5023 11648 15147 3780 10814 1471 13018
6070 5712 7932 1306 18179 7517 12456 18374 18750 6947 7279 3535 13345 11648 13362 13212 7772 12346 17453
8209 5712 7932 4438 12807 1931 2678 388 12068 14251 2236 18140 6846 8456 6665 5865 6900 6539 18709
8782 5712 15744 4438 2642 8697 2678 9367 2375 17754 3564 18001 11269 17211 299 14022 6628 19261 14169
6132 18853 15744 12099 2642 5906 448 10732 4200 19668 9995 6828 20377 12810 19923 1951 13309 18769 18755
5430 18853 4195 16088 11680 5190 9614 10732 16120 35 5823 6828 14429 14046 20395 5480 17970 13635 4288
16680 16060 19 10955 14068 215 9614 6316 3890 35 5823 6932 3113 3588 20395 14724 5998 3331 2907
4872 6356 19 16049 4620 11123 4833 4306 7499 3859 7774 10471 1202 3588 8235 15087 5998 13841 18711
16375 14503 3382 930 4620 13490 16566 13805 1710 1648 15029 10471 14767 11420 17264 3255 9414 7317 7287
11978 2604 17475 13487 12359 13007 16566 13805 12956 3596 10344 11354 2319 18215 2911 19039 3328 2201 6868
11978 17704 17475 5997 4133 19753 16566 11725 4121 19678 13495 17600 20724 18215 20094 19039 17297 6593 6748
16339 10963 17475 1289 4133 14896 7935 12410 19789 19678 4441 4123 8425 6250 7841 12291 18571 2349 1592
6131 19445 15559 1289 3922 20796 7935 6811 1348 9551 4441 7181 16705 1508 9252 1317 18571 11181 20841
6933 20679 2452 15700 5740 5100 8199 13113 2287 20053 10802 7181 3572 4818 19435 20379 1098 20220 16356
6933 11080 17265 16996 7403 18749 15472 13113 14153 14982 3273 7706 16597 4818 10020 20379 19382 20220 13473
6933 11080 17265 669 7403 8107 7873 14059 16083 5883 16578 19339 16597 15675 7982 14360 3791 8789 13473
17768 1716 13448 669 10200 6572 7873 14575 3527 10899 7751 19339 17801 15675 15083 8695 11996 2676 3587
4623 2314 11411 669 10128 13077 7873 14575 11112 11913 20072 19282 9454 9186 12436 18351 17747 16248 11243
4623 17705 11411 669 1679 1886 6003 386 16629 11669 1407 19282 12538 9186 1073 3945 950 20151 18911
17818 17380 11411 10624 4240 1886 4580 1203 17788 11240 8956 16433 12538 858 5240 16829 6195 19652 16821
11763 17380 15521 14477 16527 1886 4580 1203 17177 4602 11216 7468 2161 4363 15569 10365 12299 11041 3806
20111 20398 5051 10538 18520 1528 4580 5495 12738 4602 11216 7468 14009 3220 19089 15864 15856 11041 13688
14372 20398 18208 10538 18520 1191 4580 17484 17674 4610 11216 16304 18859 17863 7053 7177 12874 12121 11642
14372 4988 6624 8681 4262 10259 16436 2454 17674 16903 5218 9791 16366 19510 2116 4393 1601 2927 8598
14231 14478 5615 10212 9242 18945 16436 2454 4037 4532 11515 11445 8543 19278 13953 11578 1601 1609 4714
502 6385 11328 18102 4556 9191 18390 7777 4037 14261 19124 15143 12847 8906 13905 2205 15125 4908 4983
18154 6385 11328 18102 14499 9191 10691 9024 19327 5659 20143 12846 741 7 969 15673 4276 13586 12446
11368 6385 16895 8053 5434 4209 12882 9024 19327 1316 2595 20350 12648 16171 969 19829 11375 16484 13306
9565 6385 187 15447 2035 17405 3377 6691 1227 4103 2595 6229 2517 7838 18006 1640 2783 17108 16166
18941 11494 7525 495 2035 11793 12225 8190 17792 4087 2595 8045 5567 13664 2748 11065 5444 7146 947
2248 5339 4742 8453 2794 5629 16228 8190 19897 4087 3568 2644 5926 5844 2798 19549 14537 8171 4301
7234 4617 15828 14931 7539 9966 4361 17293 10305 4087 14984 19346 2312 1426 3027 17525 11791 9405 8041
7234 4617 12176 5515 615 16192 7059 17293 8502 16345 14984 1081 3889 2660 7719 19870 18804 10072 13989
18011 1486 17669 202 18156 7400 19877 11329 6281 15921 14984 20661 9902 17296 5570 9161 17200 20364 598
15104 12251 10871 15754 19847 16486 16905 19629 19103 775 15564 13355 2724 15620 12424 9941 14258 12104 15575
7330 1867 10076 9542 10058 18982 6442 4761 11899 3213 19271 16458 12986 12416 6262 8433 20229 14426 25
6609 14324 10076 19446 10058 12922 18657 423 3060 9468 19271 11699 4269 8673 1751 17673 20740 20246 13086
7931 5413 7917 19446 13236 12922 18657 14409 140 5581 9314 11446 8823 9990 10265 430 8216 6084 18915
7931 3196 11523 3549 20291 3092 20073 14409 10906 4299 16261 18864 18402 17613 15153 17898 11856 10053 20675
16359 3196 20803 3549 8319 3092 14947 20762 9460 4299 4145 17815 8642 20401 16086 6712 2831 4956 18863
354 18598 9327 4147 9798 3092 12911 20762 10104 15097 9660 12120 12587 18302 18968 15490 6518 4956 8557
354 13321 9327 16994 9798 14042 10301 15978 9360 10476 1240 6144 4990 20550 19377 14461 9637 7247 12777
9879 20119 5759 13382 6327 3214 10301 5492 16650 10476 1233 19621 13636 12675 4832 10908 3189 12689 16104
8659 3005 5759 4205 6327 2695 10797 11341 7651 7720 1567 19983 17446 8848 3510 19097 10702 4557 3236
8659 7584 7900 16720 3201 2695 14139 11341 393 4539 6138 17826 15456 4938 11672 13482 5284 19949 16634
8659 16851 7762 16720 3201 17800 7197 1374 10821 4539 11987 6100 15235 19504 2957 4061 15151 18575 1824
14222 16851 2365 5290 7556 865 20750 1374 15794 6001 11522 8119 16761 6508 13012 19083 15151 8662 13957
7643 11463 17029 15060 9828 3086 4164 2502 15794 10176 1327 8119 697 8438 3957 6469 15151 6052 14474
6632 1397 17029 4225 19458 12809 11475 15549 10513 12447 2374 228 20159 14605 2913 8986 4822 706 4520
2581 14197 19162 18033 13093 2506 8536 15549 10513 351 2374 18515 20159 16467 7332 9605 11897 20032 10766
1535 15384 10593 10507 13093 15115 8536 8393 19546 12682 7352 18515 14223 15009 13100 9605 15557 1358 17659
5633 16575 18932 19385 15313 10241 3414 24 4684 12721 6328 19601 1755 14524 20103 8819 4324 14275 15452
5633 20630 17733 18819 14551 993 9723 13429 11914 12721 18700 2342 16106 7223 15719 13484 15871 17535 7596
10419 20630 17733 18819 14551 16053 9723 16986 3786 4428 14547 14425 16106 9423 10484 7647 14891 18267 7596
3292 3206 17733 13773 16059 20667 1725 17286 6535 4428 9038 18437 2787 7907 5491 19577 18020 11301 1807
13202 19535 5157 13773 10413 11658 9352 15355 162 8410 9038 16673 8275 15594 8981 19887 1239 7106 13412
13677 4066 5157 1778 10413 11658 17820 4396 162 18284 9038 8141 6773 6800 12422 6416 3203 7106 14189
20444 10574 10894 11358 1460 2420 15033 5211 14095 12252 12586 16684 7416 6800 18399 7227 18026 6587 18065
14401 278 159 11358 9156 10392 6294 19031 7503 5999 16826 19885 6496 8763 18399 7227 18026 15565 18065
19800 16607 159 6564 11116 10392 8121 19437 7503 5038 289 19885 11163 15940 13126 5015 8272 7922 507
16952 10602 11154 6564 15683 19472 2068 17691 15654 17147 5594 7125 14829 20627 4591 16237 15401 1854 6725
16952 12170 3034 3835 15683 11323 17908 16538 10084 2780 9627 19875 12914 18517 3001 10231 16943 15891 7726
18263 12170 20850 3835 11225 16342 17908 13189 455 2780 13058 6699 12296 3683 11630 6361 16943 291 19144
8081 19688 17644 10981 11225 11056 14510 9593 15955 7310 14272 17595 14390 11433 1597 11789 14838 18241 8894
8081 2942 2357 3232 3400 18865 304 15424 3595 18357 16379 10554 9231 3902 18418 494 6630 8604 17773
8081 2942 6782 9185 17938 2552 5584 10057 7512 9054 20539 10554 6333 10564 20612 13687 2530 9691 4594
5322 2942 6782 882 11160 8439 9849 13517 9029 13967 20539 11100 18760 18738 1767 9207 8503 8677 19444
7831 1930 18953 1199 17148 3939 647 924 13949 13967 7642 13578 18144 8658 16334 15227 17283 16417 5673
7519 1185 19589 11302 17148 3939 647 4737 10524 5348 2559 2817 12203 18543 10817 9545 2306 9685 5428
5572 9632 11902 3114 6787 1051 8196 6035 11382 4503 2945 1554 13223 11027 5896 17064 10276 19255 19288
1991 19831 18668 7964 6787 1462 17203 15201 8972 5771 8715 8441 14170 17592 11951 18773 20420 9859 2934
1991 7016 18668 11452 2234 1462 17203 15201 12863 19639 6480 1915 19518 9589 16336 14717 20420 11513 16273
17261 18422 13072 14452 19397 9925 7071 3293 7759 7699 6480 13845 10607 16691 20347 439 18974 15724 606
19529 18422 13072 13466 4638 5465 19634 17473 802 18221 6480 2360 10117 11659 16934 13271 1922 3301 19987
11231 9066 588 13466 10711 20853 19634 17473 802 7398 5915 732 10667 3685 10900 13271 11395 12339 19680
13091 9066 12542 12213 11402 20853 1238 2119 15002 20519 11050 19959 11701 18625 7817 5217 8385 2532 6620
6481 9317 12542 11151 6445 15395 8898 16260 15002 6365 9623 9556 3434 2943 6779 4022 4901 5223 3315
6481 9317 5871 11151 6445 14898 12603 1730 18685 12702 6252 18869 939 3365 16052 18409 2975 13751 9337
6481 14329 20691 3151 12812 14898 12603 1730 14656 5912 12706 18869 11284 3365 15690 8541 1718 11211 1333
12572 19201 6270 2382 18331 8162 12603 6890 6077 20321 17680 11161 11284 3593 20575 20717 7611 6808 15283
17170 19004 16312 3563 18331 18918 13046 6272 17338 9800 9962 4564 6115 18407 12324 499 4106 11218 15283
17170 15897 14742 9268 17317 18918 11414 3350 14688 3019 9962 4564 6237 2073 16193 7491 6612 5273 6099
20637 20441 610 15503 6368 18918 11414 12241 15181 2320 4966 355 1134 4084 5827 6893 6770 5445 17329
20637 8377 610 11309 4627 18918 18172 1437 20127 9307 17678 15990 4017 350 4104 972 19647 11391 8613
20477 8377 19475 11309 4627 15748 14353 7946 9969 11772 8266 10840 4954 20528 1256 1037 1489 13613 18343
7620 12146 19475 20399 16139 19414 6907 3505 19464 12761 13245 18593 19393 20346 946 1267 3494 5725 19788
12899 17386 16395 20399 14611 11449 3611 1092 19464 12761 2952 19133 3502 12183 17745 3396 8979 8179 19148
15374 10329 6414 20399 3469 8355 17207 9415 10456 7409 14127 19104 3502 18929 19180 12428 8979 15661 6764
438 13689 18207 14513 14185 8321 2802 9382 10456 8568 12945 19104 10645 18590 16604 4991 7586 4450 4442
7345 5394 18207 14516 4417 8321 2802 17065 12731 8952 4000 2247 5065 9076 20030 11990 17390 12719 4011
7345 17061 18207 116 9728 14919 700 1298 11217 4871 11626 2960 10164 12066 13063 6443 11903 5283 11563
5388 18586 1054 1483 9728 14919 2527 5462 2471 9109 4416 16107 20168 5300 16466 6346 13513 5283 14470
9583 331 3429 1483 10540 18199 2717 5847 7026 9109 11209 16 8037 3491 16466 6346 9866 23 15767
9583 10073 15760 20005 4639 18199 18381 16636 12959 17656 6690 16 8037 10621 1433 13820 12765 18964 20849
9583 10073 7176 9146 4639 17559 17110 16636 12959 14101 14453 11121 19197 15200 2951 18040 18108 11127 10727
20664 7424 3614 4096 16819 6309 16464 7529 15745 10796 14453 475 8582 19970 2951 12995 9736 9924 14486
1022 16797 10102 5677 18304 10195 16464 3474 5140 18150 16920 475 13033 1029 8254 8372 8601 19802 3675
20445 18737 3499 20843 18684 4992 7985 7446 14208 14909 17499 17400 17385 17024 11955 920 18372 6436 14753
7714 1466 7483 20843 8242 4992 5660 17573 7740 3026 7869 17400 17385 7548 6613 920 591 6436 6781
16058 15386 15642 3963 5407 5064 16327 3829 15910 13008 2138 7921 17385 5121 6613 6838 3654 11450 11406
15860 15386 3329 18740 8964 4439 16874 1165 17114 10497 9801 7853 3110 4734 3398 12227 1336 5908 2212
15860 15386 1973 11590 13428 2441 10604 1165 4960 3408 4783 7853 3014 1210 11175 11798 2574 17362 127
7288 17959 12829 15524 13428 2441 12762 18569 16928 417 16190 19358 4376 5647 15457 6046 17410 7184 11359
12313 17959 12829 15524 276 579 7099 8289 16928 417 19548 19880 17025 1702 6921 16789 12248 3811 13782
17531 11614 12829 15524 14562 18034 2529 8002 6386 17271 11481 11854 18832 11432 3546 13462 18395 5179 5315
17531 19052 4237 1076 891 18034 4582 16182 6386 13800 2555 11854 6562 18580 786 17663 1909 19238 16288
20613 12609 5109 10686 15441 14342 20061 5609 8198 973 20 11854 20787 12800 2324 4377 18141 9526 8588
5399 8243 5109 2996 18922 4896 20061 20598 10601 14224 19724 18514 16245 12800 10421 7498 8083 14749 20505
9199 8243 5109 2996 474 8550 7580 8939 7983 14224 14373 18514 16245 20270 14951 16735 18992 12030 15634
16091 17198 17565 12774 8341 13384 7580 19253 956 921 14373 2191 20137 20270 6081 16735 16187 503 4098
16091 15411 4274 12774 9140 20385 2338 4826 3831 921 14373 4703 20137 16622 16295 15526 16628 19496 55
16091 3283 9311 5427 9140 12506 16220 4805 19954 6091 5214 7218 8064 3885 1878 1332 19593 20641 10394
11959 15407 1018 6588 1060 618 14196 20547 19954 7049 2954 20062 17033 10146 10092 9181 19406 2488 12088
18926 20100 12202 10606 19974 3579 14196 13247 13368 11777 2954 4533 17033 79 10092 19498 6824 16894 11740
18926 14876 16729 11103 12347 302 14196 10895 13368 4006 8148 4533 19206 79 8936 20044 6824 5918 3489
17813 1748 20367 14854 12347 302 6561 4720 20314 10320 6382 20628 18210 4004 12131 20044 14585 6393 19660
4219 674 20367 14854 16801 16098 19768 15933 4215 15915 17311 9482 9726 18552 12399 11707 3155 16547 5332
20510 674 20367 7910 9936 16098 15688 16640 16183 16532 1479 4665 12404 18552 19185 5257 9248 12430 16471
12224 13105 4654 7910 18050 13577 16155 19272 9505 9856 2156 18622 11170 131 11158 16425 885 3644 14506
19293 10281 4654 3252 5052 4016 6150 19272 12349 2568 2156 18622 18713 12186 949 3643 15701 20507 2667
19293 339 4654 15884 5612 6486 909 876 879 16513 14914 19613 18713 10277 12383 1772 10396 16263 17215
4795 12381 12983 15884 17550 6544 909 16151 4750 8545 8136 8991 20135 19717 5620 15413 7733 12635 4401
4795 6682 12983 12597 9349 6544 18792 16151 4750 20556 15958 17982 9113 11310 11582 2276 16185 4512 20263
5812 6682 9946 12996 10558 13511 2786 17900 4750 19567 6146 14134 15873 15141 14828 5516 2437 6750 13657
5812 14438 2082 10849 20269 18211 5245 20616 11153 5442 15556 16777 11140 20576 8572 18420 18081 2485 15359
4674 9485 2082 16698 12827 18296 1147 11637 14641 5442 15556 12823 11140 19403 8572 10861 7354 15974 13099
436 17940 11728 11214 7460 16197 10047 8989 6410 5327 19932 7390 12187 13432 12453 5252 4955 12906 1300
436 1280 19835 11971 7460 16197 6767 5027 6410 8054 18114 4109 4227 15498 9981 5198 7545 7663 17975
436 1529 19966 4560 7460 5825 8580 7527 2371 15822 2226 14044 4848 3296 14076 12065 11933 19653 5580
11277 15448 19158 6805 19561 12000 12367 7527 2371 13481 18995 20358 14710 16881 12114 12065 5566 19587 10349
80 15448 19888 3797 19055 9042 16208 17819 655 13481 18995 8882 14710 3464 7024 12148 19607 41 562
80 1230 7533 17655 19055 9236 10463 13291 18107 18659 1855 8163 20435 11503 8049 16549 2916 6258 8729
10932 8419 7533 1163 19171 318 20092 2903 6704 4278 19064 20010 15635 6849 1424 19728 19980 15802 793
10932 8931 7265 1163 4232 762 13206 7722 6704 14847 2067 20010 15635 9608 12552 294 7444 3865 6273
1481 370 20848 4528 5181 105 1707 326 18666 9862 5046 10261 12392 17929 16160 18330 6074 39 8383
18663 370 4314 16249 2977 16080 17889 15224 7943 20236 12350 9766 8276 17929 998 18330 10427 20638 15098
9442 10618 4314 6083 516 5282 17889 13296 10284 10568 9264 9766 3145 17692 19682 14766 2097 19146 18994
2242 3943 3681 5215 19525 12937 3721 112 9940 3799 9254 13485 4754 4440 4273 9379 17933 16772 1367
247 432 5309 11106 19525 12937 9974 15303 11572 17318 18671 10475 10075 4440 10459 324 5644 15816 14805
3550 432 11497 18204 12991 8655 15527 10257 11572 12015 15784 11134 1822 14501 18582 1938 15585 7610 67
3550 432 837 18204 12991 7170 15527 13650 19056 4350 19105 15289 210 12958 14451 9715 261 4453 67
3550 15175 7607 20136 8546 6919 11687 13650 16505 4350 19106 15289 17284 14307 14271 5499 18879 19482 8325
10807 15175 7904 9344 17258 7404 11687 8492 6407 13656 5852 16493 11926 18282 3854 4918 19947 9667 563
10487 18811 7433 9344 9872 2457 18597 5958 16552 9933 2351 16493 3920 18305 1671 415 13950 13906 13941
10487 9813 15953 7250 9872 9458 19309 16070 16552 1093 17810 17621 12376 6718 16887 3851 20428 453 19564
10714 9813 256 17622 19290 17667 1662 13691 5735 4759 4585 14355 6326 20783 20821 8137 14282 13253 15808
7631 2789 3317 11124 16495 5929 15451 5138 19088 18505 2243 14355 133 4369 6462 2412 11189 10239 20491
5242 5143 3317 13435 9494 2577 7823 5138 1143 8730 2243 9339 20804 3098 20065 2412 10542 12941 19232
5242 19082 18134 13435 11756 19118 2868 19332 6683 17611 4131 2362 20804 6063 20301 15664 1829 6957 17710
11416 17958 13726 12768 11756 9964 2868 15092 2219 10214 17313 14646 6728 6205 20304 12791 12193 17845 2052
7494 6019 1541 1996 16653 14007 2868 15092 3555 15118 17313 14646 7654 17657 15215 201 18112 878 13883
899 18007 1541 1159 12873 12491 1448 3495 3555 15118 5493 19845 3771 18283 9831 101 6897 15251 16912
11816 2022 1541 2882 1390 12491 6992 17094 10103 17183 17042 8818 3771 13330 6870 14123 6560 3266 13734
11816 18380 13240 11150 1390 12491 17950 17094 15868 8858 8565 17757 11098 7989 12839 2508 12160 14062 17332
11816 15888 9154 590 19262 1781 11379 20128 2539 5404 18566 10644 8852 1142 7618 19909 20705 7452 10044
19557 14005 13754 590 5378 1781 15162 11305 2251 6111 19956 12077 13813 15986 13170 14092 7476 12734 2011
4745 8070 15905 12437 13580 16755 14162 14408 4929 19467 19956 12077 13609 18779 12046 14092 14935 10099 17676
3632 8070 17327 19997 5790 16755 18726 14408 180 18778 819 5153 16264 12910 14602 3096 10666 5379 5911
3632 866 12639 19442 5648 17417 7573 7968 12670 8811 7738 14577 19135 4770 1642 20732 9655 16309 9005
6743 7001 1596 1019 2633 8522 10858 12156 1654 14521 10462 11142 10002 13267 10620 15310 9841 6903 114
7259 14346 11487 15713 2690 8522 17464 16560 2531 10938 5772 14804 18028 17608 14822 10306 17999 10919 4483
7711 16671 17496 15713 2690 838 15293 16560 18891 7674 15389 6288 14015 7819 15571 6171 18060 20295 19350
7711 17113 7034 19729 19221 19739 15293 20636 14752 385 12845 11796 12992 13506 15648 6171 16945 9959 12554
556 13593 15780 19729 11464 6216 2538 3613 9684 3037 15909 13641 9635 13506 9852 7930 19178 6804 6953
556 18991 18587 5505 11464 6216 19242 13966 19009 2749 15909 13641 8447 4157 17374 14593 14711 15576 7585
12851 1352 2401 9397 19524 16790 14573 18570 18754 5531 7732 13641 8447 11543 11300 14133 10724 18823 5945
43 19611 10045 2969 11985 10114 19744 14063 3509 5497 13232 13173 12318 17517 11300 10880 10724 16445 14995
15799 4320 9854 2969 18426 19526 13630 44 4729 12274 8896 2912 12298 3242 17173 5832 20634 8714 7057
12484 13884 1290 619 13248 5760 9373 44 20656 12274 12292 9874 6147 17876 8493 14976 2599 9783 7057
14085 13884 1290 8340 8091 5760 6449 1477 7039 12577 13545 2585 6147 4285 19754 9501 7561 19024 13311
14085 16877 11196 8340 7621 7876 1503 315 3386 18439 16642 10881 14668 17738 5422 19400 17239 20754 3936
4820 6517 8987 8415 12623 7876 1503 17827 17415 18242 18636 10881 18632 18363 11999 11646 17916 16146 14252
4820 6517 8987 16424 5019 4210 19383 234 19817 19758 18636 6617 18833 1464 11999 16101 13288 15166 915
5512 4021 1514 16424 5019 4210 20023 15508 2231 4256 19053 3592 1978 6568 12150 10314 15861 19420 19479
5512 1682 14674 10343 18209 4210 20023 10760 3311 4042 11044 7540 12386 15768 12150 395 12854 12515 2088
7361 1905 14674 10343 18209 13378 7856 11372 18739 15653 11261 18689 14867 18216 150 8946 12854 16814 5707
8029 1905 13460 9178 18209 17038 7856 13071 10077 886 7572 18998 18307 2732 150 16817 6910 12988 14116
5690 15195 13460 504 15737 15777 7856 15942 6553 886 5626 18998 3977 13328 8552 17134 12769 2130 6507
16651 15195 15567 8346 4291 10328 4170 15942 17459 7628 5626 18104 16314 316 6174 6791 8111 15984 2854
10692 6092 2053 20448 12748 10328 13374 864 17459 12353 7291 17192 16314 13129 873 6791 7511 7152 16131
10692 6092 135 9144 12748 6672 2134 864 15072 5292 5964 15207 13242 13930 12433 7864 7391 14487 1468
10366 18660 6212 3932 12778 1116 2134 7773 13180 5292 7041 1312 10551 942 3306 10712 12740 12591 11652
2875 19334 5142 3932 12778 10944 20484 14098 7393 13910 2089 12662 10551 18416 10951 20788 17702 20226 10244
10105 8166 10199 16764 5840 5297 17713 277 17019 19795 16014 16154 472 19858 6232 4970 19824 9329 14533
10105 8166 4386 13551 11095 10298 12253 277 7445 188 8464 5145 1999 11186 6232 9110 12397 13560 20432
10105 8166 1013 1814 11095 1910 12253 17333 19940 3723 17169 17088 16207 9888 12393 15400 5276 7076 1331
1033 5965 10174 11664 13440 13395 5280 11349 4197 13319 17169 17088 12124 15471 9956 18553 910 18335 9229
13629 5965 755 2679 17895 13395 5280 3653 17799 3089 17169 17533 14447 17547 9513 952 12286 1517 16172
13629 5965 8154 13607 9298 8635 6955 10923 20253 19910 2752 4787 14447 5246 20791 20621 11075 14156 7554
14289 5965 17505 8184 8212 9756 6955 10923 8048 10169 18875 11232 20465 1838 7157 20244 5552 6226 8533
738 14498 14901 17939 4590 7378 15086 10923 11744 10169 19421 4858 6687 15747 7157 16082 12123 20199 19381
20737 10767 18525 14033 12865 7378 17324 20247 18939 17925 19554 15079 7321 16663 3999 1580 15338 17074 19381
20737 1304 18951 14033 19329 7145 14666 1899 6489 17925 12415 10313 1630 5920 4149 17319 5713 5496 12031
7761 4671 18951 9089 18872 8711 4752 1899 2363 18024 11724 18118 1630 5920 20578 6 5471 15358 11199
7761 13777 13438 9089 4890 16003 4752 532 2363 18024 2340 15477 16885 11585 12939 19115 8619 20192 10449
7761 13777 12817 8112 14942 16695 16959 8125 8300 10586 2340 15137 3560 8960 17844 16024 14689 13463 19751
8750 10096 10414 5432 12806 10995 4943 16641 13042 20588 15053 4658 729 4465 14237 10570 9217 7147 15027
20733 7252 11874 20217 19918 11581 20078 3645 13455 12284 2616 2329 9122 17921 5910 18516 5789 15829 1482
5642 9993 5149 12553 18642 10184 5706 19040 6211 14432 15708 174 13080 1788 9559 20802 6384 15319 3476
5642 9993 5149 15669 7179 10184 10051 19040 15945 10583 18312 5224 15553 8698 6373 26 20187 3254 15869
15290 17865 15895 11204 8265 10184 10051 19040 15945 15819 14239 5224 18549 9638 6155 7604 17252 11965 834
15247 20059 10110 10303 6794 4437 15271 1658 15945 17234 14239 10735 5365 9638 20373 1908 14899 10085 1835
12273 20059 8849 1624 6794 19978 7569 4003 15261 3133 18971 13793 623 6298 5261 8618 20673 10986 18163
12273 13468 8849 4749 9512 11617 10202 14018 15261 3133 20642 20668 16396 6298 17371 10973 92 14357 2038
9893 13468 5169 19539 13891 7612 10202 5809 6521 15264 14220 6259 12786 19626 1794 18980 13694 19391 14496
3821 18014 5169 6269 7367 19304 10242 5809 6521 8562 20375 6259 7524 10217 95 9383 15213 9216 15848
4500 1600 5169 16239 2444 1512 10703 3320 6213 624 6511 4214 7973 3109 95 9383 15801 8342 10327
10670 4114 10838 9322 2444 16531 14628 3320 8177 19884 10235 15934 13207 2573 12840 14818 6497 14476 20567
5063 17632 6050 9322 5822 1972 1933 3320 8177 16125 9118 10862 6355 18430 17100 12180 11320 15601 12862
11938 13888 5429 2992 3526 11293 1933 1320 14639 13969 15998 10862 4444 15946 1606 459 20209 19497 13108
11938 13888 3111 2055 17578 3233 5119 1320 14639 15665 8806 12247 7868 18148 1349 12211 10400 16348 15145
3379 14337 15062 2055 15676 8707 17598 14431 6246 19624 3734 15890 20619 17242 20153 16773 8867 5628 7754
742 11927 19257 12571 8402 17675 20466 14926 12269 15814 19731 16890 9351 529 14194 7350 8484 5628 20177
742 11927 11782 16916 3696 17675 19306 11516 5850 8826 11117 18612 13527 4852 6249 15609 16186 8926 1859
5122 4778 2764 11900 15655 10705 12108 12341 5850 10925 17848 5166 2455 20651 1523 1148 16601 986 10772
19707 359 8724 18061 17463 17509 19344 15920 17105 8921 6881 4687 6635 5658 8778 6675 9693 15826 5420
20138 359 4135 13979 5249 17509 3525 12218 9297 8921 6705 7591 2415 13618 3506 12438 19121 6908 3678
8993 12208 887 13979 17036 15560 2296 5481 7431 17491 15116 7591 13663 8197 16859 863 4824 3117 8337
13538 16815 887 2851 8845 5604 2296 20277 73 16659 13055 15539 9774 14079 17596 863 8665 3259 11675
13538 7601 3775 16318 6310 11024 20372 6950 11498 20618 10943 4730 3732 4915 3072 4775 10 286 8394
469 8593 15383 12837 19908 20721 15484 6950 11498 14680 15746 11853 9919 6030 18952 4882 3435 2654 18793
469 10980 11141 2144 1976 20721 1219 10232 3828 12149 17684 5013 7349 1820 3839 4882 4838 19622 3038
13567 16926 7609 2144 7791 5111 5513 13701 19392 10383 5743 375 6664 12779 14768 8472 4631 19622 11191
20125 7809 19866 1629 18003 5111 2958 19686 7520 18137 10130 14035 11634 2064 11596 5923 18265 328 1059
5173 4083 287 15533 20785 5437 7799 12085 13169 15481 15180 14297 11634 10750 13563 12560 735 7969 8457
5173 18742 17591 9222 2228 13453 7799 12727 18573 15481 20008 2427 964 2281 8631 11795 12364 12325 16215
20464 19054 17591 9222 20396 13453 7799 12727 16254 4204 16760 12917 19904 16165 8631 18961 2602 13534 7598
9168 16940 13106 9222 7560 20134 2766 12727 11757 16809 11583 19942 16913 14614 20252 3186 4467 18748 8211
10472 5995 6522 9222 2865 20134 16779 11367 19360 1752 167 14574 8109 2908 11611 12125 1540 20562 15237
15059 3738 6522 17586 11389 4224 16779 8259 1736 18314 12708 7581 16199 2908 17731 5329 15750 6835 1998
7632 14152 6522 3176 11389 4224 3044 9515 19569 566 19931 7581 1480 2908 5813 4579 14759 14495 19494
7353 3272 4165 3176 15216 2499 8332 347 7151 566 1974 16452 96 4821 1990 15863 18501 1874 17614
7353 456 20568 854 14450 1851 1445 7668 9634 11236 6523 17870 4092 14886 20273 3390 18501 17441 2807
7353 19177 2476 854 17015 3930 1445 6248 5108 14082 14835 12723 6016 18456 8971 8307 5490 4202 8910
7353 15684 2476 854 18606 18417 7346 6248 5108 16565 1455 7788 15312 7377 5463 14888 6732 15803 1166
10399 5435 9060 2215 17298 2472 19342 18594 15300 7666 6133 12342 9787 5285 5463 4570 18930 10626 14362
9497 19229 9419 4508 16598 10166 15631 4815 16196 2946 6719 143 6549 12343 12275 10566 5640 16071 10763
11562 19706 14672 711 15967 9245 1808 14727 12116 4989 6719 143 9272 12598 12275 13779 8466 3873 10188
11562 2522 4611 18601 15967 20597 8647 8345 19938 12729 10860 20406 8089 648 12275 9321 1777 9955 10590
12879 16722 13791 14719 16907 12644 8647 15065 19938 12729 10860 16555 19081 460 1913 6637 12405 14737 8884
9050 16722 5595 10878 17482 19003 9166 8934 12082 4937 15226 490 14978 16654 1913 2892 19721 7142 19330
11609 12112 5595 5980 17482 2160 2751 3187 8808 4212 9223 14374 17304 4075 19666 2892 11769 9848 6769
11609 4211 9745 9547 7156 8656 7705 3230 16901 4212 19477 16191 10517 1086 16393 19374 8151 68 6581
11609 3399 5040 16122 2901 16676 3181 3230 2670 597 5714 14049 11858 7957 18696 16025 1064 20764 3002
9998 3399 19774 8338 2177 20152 10638 14089 11518 7139 19438 9275 19267 11824 7206 407 9918 20121 12596
9998 8759 10221 3290 2177 8128 12608 14089 13631 2278 11215 14810 19267 5791 19761 6349 2900 1383 5320
12550 8759 17626 2763 6128 16616 6946 14783 13631 12310 5562 3031 1927 15759 14881 3462 13935 8056 16612
6722 12355 3551 5152 10826 9666 717 14783 20359 15204 2069 11387 17772 13859 3276 11422 12226 20451 9309
13051 5425 4374 15106 847 13380 717 15149 10170 15204 6740 824 9402 7608 15044 1701 1459 8587 4122
12162 5425 4374 13844 847 15854 10282 15149 10170 9567 1110 824 8344 11942 13644 17629 9595 13932 13278
