726 12482 10732 6480 895 9518 9594 3542 314 3777 5847 9442 16856 990 835 10231 15591 9179 3268 4822 16746 7430 10027 13516 4766 8245 6270 5493 9991 9171 10105 11790 13580 13872 12240 11702 3975 2037 2786 744 9823 7451 8001 16048 4818 6756 5658
5197 14432 6229 6480 11003 9518 6031 580 3868 10103 2645 1371 14366 990 1419 8119 16083 8550 1500 4822 4655 3772 5263 1690 13804 11648 6270 4861 7417 12729 10105 3214 8407 13872 3763 3128 13767 6303 3312 13431 9137 1760 7269 8763 4727 2519 16492
3574 14432 6069 4175 11003 2576 8697 580 5652 7273 2645 1371 16483 1979 1419 3296 8484 5255 14589 3323 9857 6420 439 14564 13432 5943 208 11735 8606 10451 9854 3142 4707 2782 16847 6827 949 7689 1233 6898 8462 10106 1568 1920 4907 3423 6389
15326 14432 7970 1962 5252 4870 8697 12325 5652 15732 14334 13002 14670 4240 1419 3296 9862 5255 14589 7588 12050 6420 2702 14564 1388 5943 3811 11421 13177 14701 9665 5083 1030 12033 9025 5354 11449 12432 1233 6898 7324 1569 6261 7829 9498 16551 8847
12907 4729 7970 1962 5252 6286 15369 8325 5332 3327 12828 14054 1949 4240 6492 3296 14924 11641 359 16454 8112 6231 2702 14708 7681 12670 6448 8563 1236 6400 4477 8769 7888 11232 10615 16713 7329 11955 16008 14228 16662 14697 12334 7439 12351 14026 2573
12907 4729 12356 12472 5252 6286 12044 13293 5332 14836 9790 14054 7721 10010 6492 8999 10430 2958 16209 16454 7757 6231 9777 4872 2192 12670 7684 8563 12953 16259 4477 14558 14481 12577 5423 7502 789 623 6837 14228 11642 7293 16930 8085 13857 945 851
540 16976 12356 6863 5147 15824 6700 14804 5329 14836 9790 14054 16138 10010 8010 5097 479 3713 11953 15982 15504 12279 9777 502 393 15610 13061 7168 11326 16172 4477 4931 13227 562 2280 6969 3641 1643 4156 7522 11642 9174 12004 1635 455 3201 15634
540 7509 14842 5675 5147 8820 6700 14804 5329 13342 8678 4057 3058 5704 13009 2317 4824 2836 6692 2392 5994 12279 5403 502 393 8536 12942 8932 16154 16172 1216 104 1756 5293 2364 10799 347 5352 17006 2512 10933 24 8430 1635 10188 1801 3137
14392 14802 14842 12059 11887 4384 8219 10428 14182 8543 10475 4057 14457 12110 13009 2317 10771 5314 4650 2392 14553 7641 15523 10535 15366 3052 12942 13289 4979 16172 6573 2333 5414 15298 7705 12207 8569 17005 6339 15203 6967 13841 6551 15678 12046 16204 13519
13031 14802 12381 12059 12924 4384 6980 6859 15064 10320 10584 4057 6543 12874 12985 14145 3372 16012 9180 13636 5695 15546 9689 10535 118 4920 2655 16692 10190 3383 11852 13492 6897 8413 10851 1317 147 4474 3339 5167 2497 4241 9368 711 11400 16204 3360
5028 3608 7333 13418 14554 11040 16553 6859 15064 10320 16672 8791 3264 12874 9185 1634 13298 16069 626 12582 3129 6797 16696 10535 7901 1157 12491 9629 13473 4635 5828 5313 15176 3416 4274 16332 5153 16802 10561 7228 11663 4241 12997 10775 13893 4025 16463
11827 7957 13637 16060 3223 11040 10540 6859 5068 6258 3003 7175 3264 9459 1587 1634 10273 4620 276 12582 3129 6916 11014 10240 3253 3716 10456 14472 5170 1131 10515 5821 15176 8192 146 9036 13490 12443 7185 13771 10807 852 9149 14863 3526 13712 13816
9332 14352 13637 4564 3223 11391 10540 2914 7726 6258 8368 11960 6390 10080 1587 12916 16448 440 276 8116 5152 5787 12859 4165 14353 3167 8322 6199 11651 10653 8903 11480 15176 10700 7194 6152 13005 8909 4681 13771 2131 11496 6227 16 7752 14031 882
9409 11200 6366 10924 773 7567 12226 2914 6614 16148 2374 5280 1996 8333 12304 15765 6737 7311 13855 8962 2757 9809 12859 4165 15776 4833 9175 14705 13837 10653 14435 15174 658 12360 7194 132 8474 11780 5051 13596 5546 3539 16468 6047 7444 4826 14390
2515 1008 6366 10924 6029 7567 924 8105 10577 16148 2374 4364 1996 8333 6521 14967 16486 325 12652 12780 2757 9809 16768 4165 15776 5109 8102 11736 13837 1912 14435 13337 6441 7815 6338 10457 3658 8676 4736 8716 9752 2577 490 9039 7261 3342 14787
12992 10511 2315 6635 7301 2818 7612 5316 10577 9707 13104 1338 13018 3135 1744 11058 5047 10551 10527 7935 6942 3305 2609 4165 13666 5109 8053 5570 13837 13808 1761 15832 6441 2384 9082 16401 7464 15420 13265 10066 4856 14702 1287 11438 12944 9994 11768
10870 8759 9804 9356 6698 9879 6840 5316 1180 6139 13104 1338 13018 4185 1744 11058 12286 6923 2956 14898 16756 10937 15611 8786 13666 14596 7306 4420 1619 8088 1761 4338 4313 7128 2414 16401 1346 6691 13259 10085 2051 12628 3387 6223 7426 10610 7959
8533 8759 9804 9356 16915 9879 12460 16634 3500 10185 15693 6585 9021 5911 16563 15439 5379 6381 2956 14898 16756 15044 15611 3959 4927 8193 1445 12099 9739 8088 16865 16887 8521 2085 9864 16401 12667 11198 14377 7138 11850 9408 15786 15107 15248 16871 8158
10693 3587 8973 9356 4716 9879 9258 10941 5445 6843 4975 15117 6763 5911 6087 15879 5379 13450 9227 12822 3092 1711 5158 3959 16351 8193 3997 12099 14318 10427 2803 3547 14381 7219 15053 15583 16848 9573 1665 15928 2356 5681 14648 8317 10750 6131 410
12970 15113 1431 11685 3204 1935 7528 16726 11441 2090 6452 1816 14750 10713 10916 961 4271 6248 13219 12822 14619 1711 11546 16451 10808 13868 10996 15723 15422 1629 13472 10127 15584 7219 3770 338 5065 6894 7943 10444 12603 16358 7047 15493 10859 15138 10484
3537 9386 7490 5174 3204 844 7528 16726 15671 2090 6452 7572 3091 5709 10916 3068 15774 15337 13219 7068 1707 9207 14461 16451 198 12586 7775 12940 15006 9974 14215 5398 13049 9939 3770 9272 3888 6340 579 5927 12976 9219 2876 12866 2999 16177 2629
2734 3812 8146 4946 15581 16023 12772 16726 15787 12171 140 10145 5756 5596 2671 16651 9757 7899 16481 5486 1707 9207 14490 1914 2692 5829 4138 9701 8592 7006 5236 14066 2738 5574 12141 9272 1238 15255 157 13915 4596 6865 3781 4382 3664 231 7230
2734 4157 8146 4946 4303 4940 10476 16726 7025 180 140 14894 16701 13759 2671 9699 6630 15554 3687 2149 1707 12025 15851 1914 324 15918 4138 5395 14398 7399 16757 7859 16855 10813 11933 6228 6183 3202 2493 213 3532 7885 16297 11822 12653 16501 4344
124 657 2171 434 10165 4940 2341 4576 4898 10616 9967 10288 7710 13759 10696 82 11801 15554 2668 12747 1554 1294 1237 6693 2749 13934 4138 11212 13242 7391 3100 1376 15567 4638 5053 10043 8961 11616 10021 16510 1281 9311 15133 470 14006 1892 3771
6652 657 2171 434 7033 12002 13784 8866 2669 10616 3341 7239 6342 7697 9043 5302 9913 13517 2127 7377 210 14251 9376 8150 2581 16622 10061 11212 10169 9743 16738 6845 15031 11047 4135 16222 8961 4994 7662 542 7967 2091 3408 1640 14219 5755 13742
6652 657 731 749 11105 10532 16284 9011 1044 32 10257 2580 4447 7697 15939 8539 1763 5180 2127 7377 14158 9729 6154 9089 1159 7432 7532 8013 10169 8286 6655 5948 10441 13499 1098 12789 7574 10724 3635 542 3517 14630 12364 16226 14345 12188 14812
12180 12540 11687 1071 11105 10532 861 9011 10016 16237 10257 2580 15260 13849 10658 112 15501 11957 12398 9413 15033 2389 6154 14479 1159 1706 7532 8013 3455 10533 6655 6473 2339 16347 14141 918 7574 8542 10659 9936 2775 14630 4290 15153 5095 13149 15629
4832 12540 11687 5487 11105 8623 861 1434 2935 2154 4267 14011 15260 13849 10658 7682 10920 12153 12398 9413 9677 13446 11236 4684 7791 1706 7532 13603 8145 9572 16502 12487 8992 9511 14278 15970 7742 4005 1353 12875 6513 16216 13302 6872 1304 7880 13786
16566 12540 7098 11999 9493 2330 861 7295 2935 7503 7848 11177 13878 6110 6127 15673 8530 12153 6006 6935 9677 3272 5754 5029 7791 12302 16631 5545 150 1850 1399 15003 2658 9303 8009 14832 16230 12607 8523 1708 11477 10157 8470 3016 11455 9694 14010
16566 14057 7098 11934 7619 1463 1136 7295 10801 5220 13320 11177 14613 8871 6127 14455 8651 12553 6006 11773 15733 3272 5254 8133 9301 8254 15602 4071 14205 6463 10518 6963 6446 12292 7954 14832 219 4350 16989 16071 6670 15037 7244 62 8473 631 3392
16308 3990 9056 13695 2769 1309 5841 2244 11945 5220 15009 5990 3723 9333 8872 15616 6015 13282 11645 8680 5836 7719 10468 9520 9479 13280 15602 9969 14471 3695 6550 6963 6446 5786 15354 14832 15955 4350 12689 13747 5896 4901 7244 7553 10294 4675 3648
9420 3990 14910 3534 11076 1309 5841 7720 3359 3140 16054 375 3723 9333 8872 6247 6476 10332 15217 13176 15934 11482 15533 9520 12319 93 2044 8498 6038 3695 15494 1899 14253 2503 1479 14832 14956 15324 14719 13078 5896 477 8289 13911 6226 7465 11640
2105 1245 14910 5250 9551 15306 5841 16280 3359 7831 4693 3461 987 1750 1955 8349 3022 12288 8958 13176 6401 10006 1483 8683 12902 2422 12857 9553 5069 14140 15275 14846 7939 13146 5687 14198 2248 3688 4268 15807 6039 8703 12738 15878 4386 14918 11841
13563 5011 13217 5250 8014 6423 5841 1154 11508 7831 4693 1170 16925 14236 2504 8349 3022 12355 13769 13176 6401 10453 1483 12402 4031 7371 8922 10366 5879 9574 11025 11055 15178 1041 5687 14198 4665 15399 13740 9491 11551 99 306 10784 14256 1957 16545
6528 5011 12980 5250 14018 13193 11603 3663 11508 12455 4074 15499 5965 15318 7094 919 4343 12355 1249 8071 494 2957 15112 8588 6077 8478 8922 2097 690 12543 11025 6023 3750 65 2336 2735 10042 15399 11621 10059 8342 9144 3170 14266 5015 10622 3415
9945 9170 10869 15675 7819 9952 11603 2473 5766 12455 5534 15499 12056 15716 12506 521 14998 54 3046 8071 1869 11328 3854 2657 5410 14742 1111 8586 9164 6393 16679 3284 12956 65 4930 13508 10980 16262 438 12691 15012 14831 7095 3996 16290 13859 16839
9015 9170 2696 15352 7819 9597 14883 12400 6157 5144 2277 13632 11576 16129 10494 521 11848 8237 11954 3220 1869 15378 724 649 9598 11192 1111 6686 2062 4938 13366 16808 14988 13165 12820 1490 2934 4690 5151 2828 8098 10302 4722 3996 1493 1968 3452
9015 6188 16639 3825 6343 9724 15377 2605 8832 4810 9340 11610 4092 229 7346 13313 1839 6979 7770 3220 606 1888 3121 6577 15393 4526 11085 6686 2807 16658 12225 1390 12488 2621 1306 12422 5434 1389 5151 1198 12081 642 9091 11056 182 14337 2985
1244 7253 12315 4487 6343 3533 15377 9243 8217 10141 15007 15379 2108 67 7028 9603 6624 16075 16722 3220 15263 15435 980 6577 15393 9112 8524 4411 16132 16658 3797 5952 3849 5286 11113 15556 3489 15032 10340 2858 14958 13958 1994 1313 10398 2223 14902
1244 7249 7144 6235 5187 7296 15377 1833 4166 9996 16523 1118 2108 11379 3863 14572 10011 13214 9822 6646 7496 10503 9914 13341 10691 12179 16363 515 7204 9238 12129 17003 12088 7116 11113 11507 10319 4473 10340 7642 12643 14306 5436 15213 4101 384 8240
4995 8981 2979 7508 5187 9087 693 1833 14110 13775 16523 15734 9810 9462 12502 8779 10011 3914 9353 2911 11117 2682 5936 2412 16310 4154 16363 4762 13364 14480 12129 6064 9061 7116 1312 2643 15291 12682 8483 11906 15147 12946 3637 1548 9933 5975 2255
16162 688 2979 7508 5187 16528 693 1833 2092 13775 15817 10958 8384 9462 1881 5433 15764 15317 9353 13874 1372 8789 5663 2412 13120 8874 6311 16570 8684 15735 5908 14035 12939 9527 10934 14539 13222 13068 13186 15751 15167 6439 5765 3298 11144 16378 13882
9080 688 2165 6163 15457 16528 4770 14304 2092 16161 11202 10958 14790 9462 14950 13930 11815 8711 2861 13874 8394 5360 4853 4648 2303 2106 5230 10089 1508 16568 3467 15903 12939 11339 1991 11125 12885 12873 14501 810 8435 6606 9875 8209 3027 6929 7988
3428 12103 2165 13497 9427 15251 15086 1647 2663 16889 1722 16025 8639 5073 16326 15568 11815 3374 7578 14109 14880 5360 4853 5962 9763 2106 6877 9127 9788 12373 1147 15370 7445 221 11991 11964 10452 12873 16275 6472 8435 15039 11185 17015 11968 13272 12843
7354 138 16205 12842 6008 2644 15086 6861 11483 8224 16635 1082 2694 8302 14707 8223 5282 9101 823 2647 14880 8067 6353 5962 10793 7187 13234 3751 10986 10228 3847 6431 11194 13171 5511 5932 13699 14314 6357 2780 16745 2705 16913 3651 8807 4357 6508
7354 68 1620 6217 3754 4820 1456 10005 8402 10002 16674 1082 2694 4010 14707 11575 12819 2982 11437 10383 9426 14906 14841 5811 3055 12230 4355 13262 10164 8360 3847 6431 14500 12991 5238 2031 10030 15979 3295 10384 9007 16884 5995 10336 3236 4514 16924
6371 68 4348 6217 3754 5713 12166 1316 15688 10002 16674 3842 3874 7813 1704 11575 12870 4745 12117 12480 9426 14129 11879 4593 11008 9284 4805 16467 7875 2334 16279 1481 983 16300 12861 11364 15242 3831 2526 14754 9947 13871 14204 7476 1194 5621 202
6371 7492 14171 13890 9325 7955 287 6962 15688 14963 7613 3842 3855 371 16618 11201 12870 2981 1081 12480 5448 6789 5642 4593 11008 9284 2541 3391 8399 8665 16419 661 15271 14905 12861 4767 12850 13456 536 14754 873 11240 2214 2689 4956 10050 1814
6371 14000 15057 5366 13863 7955 287 10280 15688 211 5518 6061 655 14297 16618 13667 13129 10803 1081 12480 14220 16883 4692 4593 1488 12305 12855 16641 453 14524 396 661 11566 7844 11035 8196 6793 4319 2407 5928 12109 6867 6985 16208 16452 6119 12753
6371 1056 15057 2595 14727 5600 15919 3246 5468 8142 5518 6061 655 9038 11638 15661 3508 3708 1081 4084 14220 8815 12797 15216 5707 14867 12855 13319 1134 13680 10676 9363 4868 2902 419 8196 2677 4319 2566 8134 5640 10150 10179 13346 2347 12057 4792
8475 9731 15057 1733 10297 1693 15919 13619 10517 7591 2144 5970 8055 2517 12032 14870 12438 1292 5333 2153 9637 6354 9714 3680 8848 14867 4062 9190 8946 12321 4537 14096 718 12831 4802 5969 13465 3434 13572 1542 7158 5334 9546 13726 11890 13384 5451
3568 5901 15057 10569 8048 15030 13968 10238 10517 12598 2144 1543 7227 3940 1520 15718 14309 12883 5333 12322 587 6354 9984 1868 7413 13015 4285 10734 7773 5108 15656 7367 718 10645 15146 8566 6554 3548 8666 573 3420 15115 10625 6792 1253 3926 13569
9494 8686 7703 10569 8048 15030 16850 15844 597 12598 9072 1543 8959 3940 13630 5654 7709 8107 5333 15048 11036 15830 14089 10592 13846 6825 14058 3444 16047 15619 8236 4515 11943 9846 13164 308 4739 9800 13212 800 1824 12262 4458 12644 14521 9484 12406
16497 11885 154 15338 8048 11337 5093 3700 597 4882 16147 4179 8959 9115 13981 14716 2509 8845 3034 7449 10182 8655 7920 1409 13846 6811 15666 10252 5134 850 14446 9605 1150 9846 927 1573 15503 2197 1648 5428 15361 9663 13211 2653 10730 10375 4083
16497 11148 12541 15338 15655 9291 5093 14562 11382 4882 7581 13602 6028 9115 10466 11229 12994 12184 5409 8924 3000 16040 5262 8121 15299 15125 12316 7499 1988 8796 3067 10480 12761 9634 13141 14899 5953 1604 1648 7961 13461 4490 6300 8951 15237 8595 12164
1550 11148 740 5915 15655 5634 14723 14986 11382 590 2186 12300 2795 8489 10466 11229 12994 10293 14602 8924 15740 12975 5262 3030 7023 15125 13066 16761 12542 12920 11406 10480 5739 3071 16024 5184 5953 7882 7631 14342 4534 8950 13033 11509 7938 841 8279
5501 11148 12767 5915 8372 1381 8906 5129 7514 2905 676 10623 2795 11516 955 8612 6743 3563 12623 7389 15740 3967 16393 3030 13766 14871 13066 2174 16693 12920 9736 11654 13367 6319 5426 5463 85 2990 4637 2107 4881 3309 4918 2533 16264 1362 2472
12735 12116 12767 7115 8372 1381 8906 5129 2378 2905 7143 407 1859 14360 1369 8612 4510 8966 12623 16948 11805 6960 7334 3030 13766 14871 10388 2174 13047 12920 9736 824 2015 10181 9840 5463 9505 16903 16725 7527 4497 1140 1168 10595 2572 9364 10783
12735 190 11739 7020 12694 13799 3373 1791 1705 11856 1177 1024 12909 14360 6202 1503 11652 7837 15531 11284 8531 2556 15823 4555 5764 11599 7372 13370 7634 15553 4531 12905 16764 10181 16233 1672 5060 3903 7977 447 7948 12149 2540 11075 13138 15705 1893
1252 4470 11739 5224 12694 10563 15698 9885 1438 11856 1177 8529 1853 5890 16813 12697 11652 7975 15531 11284 4055 13571 5386 4555 5764 4132 10215 3706 10409 9728 2357 12905 5865 10679 937 16312 5060 4867 6634 1363 13652 8527 3179 9775 13697 7536 174
3709 4470 9418 11362 15083 14085 6801 9885 14321 16082 10785 2851 4553 5890 16813 14325 10253 7534 5157 1670 4055 12884 304 4555 7262 2908 12731 12185 2826 3561 15232 10415 1132 7353 5544 10655 5060 3134 6099 6429 792 7778 5228 12648 3275 3151 13100
15243 8434 10966 5918 15083 9560 6801 12567 1759 16082 11432 2851 12169 16228 241 14264 10206 15259 10075 7100 2816 8706 13965 7468 10698 1387 11579 15155 7274 11869 9203 16649 5430 12876 9194 10981 5115 1211 12437 5876 6507 11301 3061 8243 8688 953 2266
16354 11353 10966 5918 2014 9560 5150 4082 2978 16082 13092 16777 4151 13150 4592 7008 572 12718 15886 3194 9954 957 2355 1016 3397 1387 11239 15155 12973 11757 3971 6842 6208 4556 3081 15997 14588 4545 1514 2109 7628 5671 3335 15253 9526 16051 16328
254 7423 11484 6374 2014 7600 11077 4082 15212 13833 7889 2839 3985 3806 1960 7008 6485 3793 4334 3194 7745 2089 3932 16676 11233 6749 12220 5007 2397 11517 7923 4282 15691 4556 3726 2884 5461 16266 11965 3898 1402 7474 9968 734 13140 10877 10243
1045 1204 14664 15376 15833 2840 244 14994 15212 11862 7889 2839 6456 3806 1960 7008 12630 7583 1158 12330 14606 8578 6817 7337 5818 8679 10800 7736 513 13199 2550 382 12668 6020 15166 14053 3353 13862 13543 3898 4590 2892 9539 9132 4199 11976 9827
4109 1204 8978 15376 15833 2840 14847 8868 8132 6790 7048 13692 2684 15091 3155 13795 969 341 1158 6460 2411 2594 12783 14071 806 4414 3511 13942 394 10523 16616 11539 12668 10198 10404 8076 3353 9610 14067 15882 5154 11882 11514 14199 13014 11354 14164
5934 7210 15152 13888 10194 9849 6007 8868 1581 6790 7048 16630 14852 387 8621 9401 14405 341 7658 9770 11673 2594 11540 544 14819 4414 1594 13326 5557 14069 11907 11539 11126 10261 9348 4998 3353 10598 11373 15882 10601 12898 7566 7604 13014 446 10270
3431 7210 3545 6194 13161 5126 6007 15742 12786 1466 7918 189 834 3105 6136 9064 14405 11434 12378 1383 10052 6370 295 11795 9040 520 12303 2758 5557 4208 11907 16908 11126 8425 6944 8301 12749 10598 15770 4441 11855 5535 12260 10115 15460 13814 15264
12573 16823 6769 13653 8721 1141 4205 15742 8766 12559 12352 189 834 9126 1851 7255 3538 8442 12378 10254 17 6370 6977 16380 13513 520 13168 909 13483 5956 7976 13873 11611 8425 1929 7081 11676 2491 4383 8736 3632 5535 415 569 709 271 674
5166 14267 10458 11101 13532 15623 4601 13705 11636 12559 11110 189 14975 4226 16986 14174 3538 8352 9081 10254 8547 6370 1179 8231 5061 16345 383 4521 11479 3242 13866 1345 6437 1692 1929 285 7257 15893 9259 509 2259 10673 1849 2977 16296 2678 13205
2251 2360 10458 7980 5244 15623 4527 914 1535 1225 11110 3984 10704 788 4340 11467 13522 9611 9081 14483 3159 6870 4689 6667 14644 10830 9972 4521 11479 13347 1366 1489 2054 13931 15702 12727 10216 5299 16797 14791 5522 10369 5348 3433 16085 16527 16643
9882 2891 3053 16061 4609 1120 2358 14507 6815 13424 9927 8374 8275 4677 5578 6809 15333 14196 14951 8449 12715 9282 4012 16939 2351 12821 4598 1526 4053 8083 4114 16825 1022 12218 4381 5549 11348 8927 12649 9458 5522 73 6433 366 2672 4541 5183
106 7833 3053 14017 14493 11658 2358 9242 14142 12891 9927 2070 4605 4677 6130 6809 10123 1931 3931 15385 9362 10112 4561 311 15252 312 11291 13684 357 4014 4114 6269 8710 3388 4381 15632 2055 10579 3944 15414 10233 6661 12775 13960 7816 12717 12830
6715 4265 3344 15525 16603 7883 14901 491 1726 12891 9927 1875 10913 2686 6130 7246 10306 16372 3931 15183 16769 3160 10082 2063 11218 2950 15450 13684 357 1273 14663 13983 1364 4757 10644 10547 998 8274 3944 7208 4134 9099 13688 15440 13501 12629 3103
6715 16183 5922 9441 16603 9683 10908 14108 12346 16964 15720 1875 2924 11677 8063 7246 6735 8975 3551 703 16778 7229 5662 11411 8994 10716 10498 11909 8718 14030 1758 15712 7388 11679 12284 1782 1747 16376 13913 14844 4834 11314 15670 15440 14103 11667 2591
6216 16183 5922 13788 45 4434 10908 14108 15419 16964 15720 1875 2845 13715 2790 8544 6221 855 11722 4829 14189 3180 5662 11411 8994 4453 12250 4641 6097 1884 9296 7381 345 11679 2501 1782 10363 9930 9406 13791 11264 6682 9738 16080 6741 14786 15476
6216 9705 11556 11002 45 199 15763 16804 4710 16964 183 5676 12227 14451 12083 3653 12042 855 2656 16550 4501 10534 4140 7313 5778 12133 12250 1501 6097 15434 4672 5845 14442 13258 14508 6879 11721 11861 7118 3919 705 11996 591 3644 12683 11051 2880
486 7041 16495 15899 9053 16578 15061 1854 4710 6493 8074 1197 14210 9059 12083 2475 5584 10928 2656 9264 13567 7965 14382 5467 5778 12133 9550 808 5070 12022 7942 4455 11402 7184 9828 11543 5863 11969 2801 248 12255 4188 7084 10419 8762 7580 14618
6911 2970 16495 16644 14603 16592 139 10557 598 2302 4614 6160 10295 11471 809 16199 5584 5859 2619 1668 8406 10119 9285 12932 5778 9453 9550 11462 10067 11881 15762 14351 1013 15990 9357 5978 11499 264 13655 1840 7213 8870 801 13728 4002 7580 570
14741 7504 1753 7434 7590 3761 14671 7762 15015 2302 353 6160 5449 8344 1495 2582 3670 3755 2619 12401 12508 2527 9285 12932 765 116 11189 15127 2434 1856 4070 4565 4847 15990 13702 7926 2808 264 7966 743 1616 2111 8515 6640 12190 7433 643
14741 9482 2152 14206 7124 7724 10647 8947 10649 12593 6974 6160 14679 5892 14374 2363 3670 2945 7518 8178 15755 3614 15362 7466 765 7425 16187 8661 2863 4182 8841 14294 11152 3299 3589 4773 6738 7607 3573 12569 1830 6427 732 4067 10722 284 5283
2366 10307 10132 14153 16711 11265 2862 8027 10649 14156 6974 6200 2736 11013 4388 5077 1770 4006 14934 14376 15755 9669 9060 16506 16365 7173 10255 7890 8798 12451 8841 14294 14373 9199 4925 16957 1297 1547 4246 10378 8877 7266 8261 1498 7911 11988 127
8377 10307 4220 10298 3829 49 2862 14319 10649 2418 9720 6200 2736 11956 13405 1558 7099 12977 2561 13314 7562 14348 11357 1006 15372 6105 10255 328 14495 143 8696 3698 14373 8493 16116 8210 950 13951 10225 15668 15233 7034 5815 12232 3451 12895 1593
8377 11691 2122 7206 5454 14445 10652 2471 11743 545 11195 14482 3639 5495 12211 1558 5237 12977 2561 12407 7562 14407 6722 3380 3256 8163 12194 12427 8091 143 13919 3698 12254 3285 1156 8151 12919 14250 16561 10944 9979 2937 9008 785 14042 5182 14762
4737 10260 15575 16860 10867 973 14203 2743 10140 10265 11195 16803 3639 13894 13659 6059 7725 8956 10905 14364 1609 14407 11653 3380 10876 10642 1299 14568 8091 13752 16530 2633 14368 10274 11569 7040 6424 3904 12272 12127 3937 4887 16159 6334 9715 7822 14456
1826 10260 3643 5900 10867 12282 14207 16470 16343 10265 3230 6711 15400 10853 5729 641 12679 16541 11750 5196 1609 11257 8398 2310 7424 10642 7924 14568 7454 13752 15069 2633 14368 15991 15268 5014 16289 13917 15866 1414 2376 9599 12339 11510 9715 4118 1783
4854 16411 16336 8118 12376 12282 14207 4649 16343 12754 471 6711 15400 9292 5729 14417 16648 16541 13910 12764 240 11257 8398 2310 2528 14889 1427 7010 5411 16660 549 4044 13736 947 5444 13023 942 14134 12723 11080 8215 13167 16318 4491 355 13121 14301
14816 14097 4279 6359 13099 9379 5992 11039 17013 11668 5438 4990 10133 10605 9556 1137 16648 16541 2126 15498 240 11257 8251 11360 9623 8021 12685 10505 14712 72 3017 8110 1551 12345 16872 14617 942 14134 12723 8898 6589 8126 11102 4491 2912 10872 437
14816 14097 14628 5968 13099 15388 9950 4216 12257 11668 1837 12918 7577 7488 9575 12616 4457 2725 11060 3257 8038 4222 8251 4298 14291 9177 8876 4363 14401 3737 517 8768 2398 13136 2159 14617 566 7159 1324 10167 11820 7002 356 3991 15782 10872 1470
14979 11476 12485 5968 13099 13365 13374 14126 4433 9485 13075 2179 3968 16686 935 9803 3084 9204 5452 15038 6571 15948 10417 4298 3778 3900 3633 8008 8844 5551 4974 8768 15106 14070 6659 3162 11320 11966 14746 16373 10597 11052 14343 11899 6169 8278 10912
13520 13824 9365 8954 15004 12475 13374 13420 4433 13196 8432 2179 13028 15491 935 5698 5037 9027 13644 15038 10520 15948 14225 15062 4572 13271 14465 7457 13391 11919 9651 4894 15106 15034 11680 8741 11320 14838 354 3872 3118 15437 4991 9466 14050 10208 2522
7198 9079 4662 3529 9268 9197 12276 8653 14282 13541 1421 1828 13028 15491 8514 5698 10552 2058 13644 4524 10520 12405 14225 10707 4572 13616 11526 17012 13842 6745 15256 2410 12074 10242 6129 9417 9872 1298 2789 14972 5481 2084 3475 5805 14050 10001 7585
7729 9079 767 6309 11632 9197 11826 14779 11912 15920 6274 3448 11161 12788 8514 52 6487 13922 14954 13429 2928 12782 14225 10707 2511 9182 7535 9567 4633 8757 1078 6770 12074 4202 6182 7153 908 16436 2789 3978 9436 11282 1832 10626 8497 3732 13621
5098 9079 767 15159 11632 4035 2353 15777 11912 2617 11030 10559 3554 15225 6262 3238 15916 7312 10200 13400 13629 10909 15320 14978 2511 10160 11589 6690 16077 5117 9990 4284 4413 4202 8477 2198 11873 5217 3032 14981 16409 12045 15669 11844 4051 15161 5279
5098 10682 767 12263 14389 4362 2745 432 11912 2617 14088 15613 13749 16667 12181 277 11097 8199 10200 2207 13629 6662 5086 2632 14903 4910 4661 9638 9304 12986 7708 16185 15447 6918 9604 7605 708 15667 16708 5825 1902 7467 660 5355 464 4566 12389
10054 1538 767 12263 11994 5656 3586 429 14115 14041 14088 15613 6824 15597 12181 9438 2563 8199 3521 2207 11087 530 1176 12535 1621 8247 16800 16461 9304 7800 4120 958 12617 518 11755 15785 10044 15930 12897 7530 738 13095 9538 5355 15391 8099 3873
15310 1538 5256 12124 11994 7054 3856 2824 7271 6016 15472 11769 2794 4912 9835 9438 2563 10819 625 2207 1344 16741 13971 3671 5030 5042 9049 2575 1592 571 3953 4261 11561 12478 8940 5169 10044 1724 12897 12840 2903 1243 11197 11385 3072 14008 14923
14139 5577 2242 12124 9263 7054 2359 11821 12340 5202 15472 11769 13884 8421 9835 12221 10818 16058 12880 9647 10031 15001 1217 10719 5030 16459 13897 11886 1592 6602 3953 4261 9085 16526 113 30 9323 1080 6012 15000 7506 15701 14113 6138 12308 4768 9070
15588 5577 6820 13170 9263 2205 2359 7131 9861 5202 9873 3865 4095 8421 13412 2311 4032 11024 12372 15728 16490 13991 14529 595 7066 16383 12514 12594 1592 12851 11830 7741 6067 14964 14919 839 9028 9590 2635 7152 1847 11734 11114 4630 12600 12251 3656
15588 11134 6820 13170 7852 12012 8175 11123 9861 5202 9873 12072 4095 8914 13412 9318 15022 11024 12372 3788 13269 11429 3938 9971 1175 13774 12098 463 5019 11258 13538 3769 10049 6234 10688 839 9028 7011 8775 6733 4373 5215 7853 16953 11067 9673 13992
3659 8120 6820 13552 11313 11155 3776 10692 6930 11453 14503 11365 3222 7902 1266 18 11299 602 6434 3788 1959 1349 8362 9971 611 4815 1664 5542 3480 6557 7792 7847 9569 9513 10688 839 267 6198 5206 8535 7147 14830 12092 2460 4959 4091 9648
3659 8120 220 162 9681 12101 10530 10692 6930 13215 14503 3837 14229 15392 5043 13588 1164 791 10481 15293 13317 4369 11169 1062 15519 1636 2367 16412 15017 14649 13714 15403 742 14128 10688 13410 267 10638 4889 11920 977 9748 5103 1731 5883 9519 2722
5567 2005 8299 162 9681 16520 10530 14955 1093 13215 8356 3837 16707 15392 9330 11731 5078 791 11119 9912 12388 6090 11169 76 817 1148 6488 458 15017 7286 6345 8505 15458 9461 10262 5976 5525 8082 5758 13343 16466 4250 1033 1948 3512 5212 9274
2679 2005 821 283 11781 16520 1149 14955 1093 3927 8356 9178 16435 8859 15790 10953 3841 5424 6402 12941 10263 16027 3445 76 10544 11226 14212 14677 259 7286 10122 4646 15458 9083 4924 9537 14344 1061 5758 12645 1284 9529 4608 37 10662 2337 1188
7735 3943 6649 283 11781 16910 15963 418 25 7839 6086 2926 15837 16851 6518 7914 6723 8917 14578 11864 9234 16295 3783 76 10289 6596 790 12530 15284 6562 4900 14119 3297 10193 4744 6196 8577 2161 8916 16891 1284 2228 3212 15888 15530 12173 1767
15618 11686 10271 2604 11781 5066 7477 7677 4719 9834 16628 8510 4036 14517 6518 10092 4184 7050 5882 4694 9234 16295 8838 5203 14484 10839 14346 6195 1776 10068 5783 6968 3999 13645 6889 11000 15082 1091 11775 10943 3954 9680 9279 4795 13966 7764 7319
15618 6514 14014 103 15526 16880 14591 7677 4719 1576 16202 4640 675 12528 8895 16927 13300 7050 5882 9978 9234 8694 3804 6812 11249 8154 6875 16324 5205 16654 8643 14722 4367 7150 15050 7233 4849 16139 8731 15311 13880 11832 2772 7021 16032 1982 15353
11250 6514 9898 8313 15526 5835 12936 15959 9802 1576 6392 13810 675 2077 6331 10196 13300 15872 9745 9978 4043 2810 3804 7922 11249 11136 172 5265 3148 8717 6669 12813 4367 8698 3302 3479 2630 15227 4232 4430 12399 15771 11404 7090 16130 11846 14060
9989 15915 11547 279 8974 7712 7052 15959 469 5991 4540 114 675 16063 6331 13206 11573 11728 7393 7856 4043 3401 9782 10229 8555 4764 15090 16785 3148 4505 13830 13256 16464 35 9125 9128 8412 4191 13187 4430 13706 13133 9478 6140 16030 15569 3464
9989 14369 12363 14735 8974 7712 8825 9176 12952 11118 16647 2332 16792 12518 6814 9341 11573 2129 10489 5062 6826 1263 12335 11650 6759 7825 4056 16785 1858 4875 8790 1857 7284 35 14953 14725 8412 6831 4034 4430 13055 3293 9478 1973 7845 2013 4607
8468 5530 4668 8395 3304 5641 6932 1565 13437 11118 16647 7858 16792 1142 11416 11227 13296 5116 8726 10866 6826 5559 12335 2452 7126 9632 7096 7110 1858 5889 5848 812 11979 14021 6014 5404 8030 5954 374 15587 16598 14531 10408 11442 5702 7908 9
4469 14492 4668 8395 3304 3569 6932 1565 2057 13817 2612 524 6706 6807 11416 7308 6716 9534 8726 6939 12574 5559 16548 9111 15042 3012 7096 1952 16588 720 13051 1009 13998 16869 6014 13477 10343 5954 4358 7360 682 6866 15144 13496 46 3745 6101
3292 16278 12844 8395 3304 3625 4283 1900 1631 13817 10454 524 4835 12523 916 11004 2646 7538 9779 8888 12878 13125 16548 5842 2169 13553 7665 11649 16221 14047 16605 9696 8822 11470 9976 10126 10359 5697 1048 8949 16000 16758 3115 12912 9165 15016 9953
166 5135 4438 3585 14509 3625 14849 1231 9253 9419 14794 10201 13935 1321 12024 8373 280 16339 9779 17007 11627 10618 4895 14130 15080 13553 10723 3363 6578 6986 8965 8745 7172 11037 1997 14260 8298 16818 1439 14087 2993 16182 2274 3329 11974 8585 8320
166 5135 9794 3585 16978 16877 3697 381 4971 4048 14794 5830 13935 13947 5258 11222 9118 16339 12687 9684 13570 2114 13333 14130 678 8540 15041 8545 12007 4483 15529 5288 12900 14662 7635 14260 3114 13459 4516 14087 12605 14324 15432 7044 1277 16371 11410
498 15304 9794 10351 2931 1841 888 12699 4971 4048 3958 4137 16513 12933 5258 11343 11847 12521 12687 1885 13514 9032 10927 11764 11935 11793 13656 9830 12007 5685 3747 5288 3101 14662 7635 5861 5492 10585 13260 15195 13713 6999 2670 7 16888 16034 8164
13528 805 10057 1658 2931 15412 11070 12699 13124 11367 9959 4581 8982 9058 5258 1251 16525 12521 13803 5802 1932 15257 7238 11764 11935 9732 3560 15730 7647 6316 16357 15289 16405 14662 14907 14275 8034 8625 5211 12707 12854 12481 5579 10330 2338 14887 5273
1572 165 1485 12547 1276 14604 11070 2209 12829 11367 16868 4581 16774 9722 5258 7903 14211 6481 16015 16835 11395 15257 4996 7944 10507 5226 3673 16305 5390 15998 12614 16219 16168 13494 6821 9615 8034 9581 8607 4850 12018 13772 3684 5075 8831 5442 1408
8190 2427 1485 12547 11863 14604 6477 2236 16867 3321 8828 15099 1595 11280 1039 10935 2760 16155 16009 2216 6070 15257 4996 7944 3294 5226 8518 16049 7328 14631 822 10171 10990 13494 13658 1398 4682 170 1005 5269 9209 9024 6225 4317 11810 2707 8297
13353 10732 1485 13648 11863 11762 10862 10972 3777 3321 1160 2190 2649 10889 5198 13964 7216 3268 10815 2216 15969 3631 11753 9514 12867 505 1698 5001 243 1740 6959 1940 2868 8059 6292 16020 15945 6142 9742 14959 2897 16450 8455 948 1732 12903 12839
