10294 10063 9373 8284 10001 8208 8874 7949 1808 8173 1615 6066 5093 3320 733 12001 11665 13058 4449 8727 10511 7795 6700 5677 11065 1788 7996 5246 7644 3976 2857 3770 2080 5538 12299
10294 8812 2274 7666 10001 10109 11438 7949 197 12916 578 392 6723 142 3619 12986 9171 9652 11416 3421 6710 12603 10796 5533 12932 8358 11170 6666 12781 424 10396 12531 8260 5207 12274
10161 4073 2274 11854 1764 11213 3280 7546 13102 11787 2041 10743 9988 3381 230 11575 3907 6889 11801 6645 181 12603 4386 13140 8756 4262 11103 13127 9536 4406 3985 1149 9639 5207 8464
2612 8793 12294 4150 1764 3731 2566 7375 12871 2866 8350 1817 7863 9469 10780 11950 9669 2956 679 11325 13169 228 10745 2262 9242 8919 12721 4929 10577 312 7432 4573 7019 6094 111
1537 6098 12230 7625 1290 9851 2117 1139 12871 2866 300 7066 11852 3383 469 5699 5931 2956 9870 3224 13169 4235 3573 2556 12797 806 2504 11639 12933 7658 797 10425 893 2145 6354
1537 10155 8876 11869 11229 10330 2308 1139 4493 7768 3648 7066 6544 3383 9433 10307 154 6045 4716 489 2844 4297 5758 3503 8283 1960 4965 10891 5234 7433 12639 1220 3624 5846 5321
3347 5547 8876 6399 854 9248 3687 1139 10198 4075 9989 11813 937 12776 1371 10307 4617 4313 6303 7436 1756 4297 10659 4580 12974 1960 4965 9864 704 7433 6270 2846 1391 11147 2789
3347 1306 7383 7730 854 5168 5857 2788 1818 6013 8330 8146 5216 12045 1371 1878 4617 7140 6303 7436 7749 12169 7453 3151 8879 3182 10084 8774 4825 5697 3835 4815 9553 7165 9675
8611 5875 5391 7730 11492 11661 5857 2788 7360 6013 9907 8146 3989 12045 12693 3506 12086 5472 12414 5628 7078 13130 83 3013 3582 1109 5589 10435 4793 2702 9718 1494 3548 9764 8912
8611 1207 6528 7759 289 13131 2360 7185 11024 2986 9907 11511 1688 10472 4058 10787 130 9872 5244 5610 12118 12518 6435 3013 10291 8951 6086 3576 6688 12131 10406 278 5144 2108 9259
8611 1096 9705 10090 289 4652 2681 8564 4124 4296 4528 63 5521 10472 6154 10787 4217 1424 6692 5525 2286 6535 3882 4983 267 8951 8074 9942 10922 3585 4823 12651 7785 11145 1794
9520 6131 1342 10090 1564 4078 12610 4072 12971 7522 764 8614 5521 2185 143 7496 8236 11128 5679 744 7800 6535 948 4983 6415 12775 11874 2560 2949 563 10670 4640 2197 12345 2466
5100 6089 8356 7052 7280 642 9175 3973 10851 3739 9900 8614 7212 3521 6983 6678 8437 2679 8302 744 12410 9037 3406 4983 8322 13022 10257 3627 2949 1881 11582 9960 6757 2427 4562
5100 6089 7271 5543 7280 7575 7778 3973 33 12873 6383 8614 6476 11592 10628 8651 2009 7100 10661 1804 6269 2877 2369 8760 2354 9649 11819 9722 842 12657 2887 5990 12134 1069 3779
2644 6089 7271 5543 6648 7575 10512 4502 10106 11771 9057 2341 12198 7426 3410 8651 2296 8000 5673 9660 10091 2412 13173 12660 3489 5238 346 7935 7318 12459 7694 5366 1967 6084 433
2644 7306 7271 9394 11875 7575 10256 4502 10106 8227 8742 6355 8641 7426 7032 12022 2296 12264 5597 7218 969 12939 4454 11722 3866 5238 346 7935 11133 11227 7648 5085 6229 5029 5792
12055 7306 8624 7673 11875 425 10002 4502 7137 6937 8742 12202 3372 12606 7032 12435 6559 2820 7474 695 969 1254 12678 11327 3866 3512 10872 11209 860 7586 4190 158 6929 1257 2127
12500 3572 6778 12163 1612 2169 5112 2062 1745 6937 8674 12202 4185 10595 7962 8565 2030 8154 15 9162 10738 8508 4344 2305 5136 11412 9059 11209 11587 840 7846 3485 9532 4163 10766
12500 4485 9306 9317 9458 549 7885 4173 8858 162 11057 12888 6179 9103 10949 3547 2030 11512 5068 834 10179 5330 4344 465 4568 9445 5662 2955 7852 840 7846 3122 10324 2964 5400
4703 9742 9327 7814 9458 549 7885 8630 8313 4531 11057 3892 8046 4570 8848 7393 10536 8659 3431 977 6907 10951 3409 7534 9987 11833 9503 5356 7729 1251 1405 10846 11406 6583 7275
9283 9742 9575 12391 8352 3462 12928 9080 8313 2718 5602 1012 12838 9105 694 7393 2148 5505 10438 977 6907 9475 5025 6391 9987 6716 4514 5003 4417 3256 13116 9631 4919 3050 4782
1849 9915 4357 4132 8352 8900 5319 538 9743 4374 5602 5240 8925 11168 10439 8575 4419 2133 4279 977 10528 4958 11741 6391 6960 1805 8862 12913 4417 5555 10998 8308 3173 3441 335
4987 9915 3527 6837 9250 9785 3839 12436 3841 4374 11546 10718 8925 11168 12373 6703 4419 6109 4482 3092 9671 2886 109 9051 9041 5558 2079 1276 2162 293 2364 9548 3173 116 10336
1875 3065 1668 6837 4775 7251 3839 12436 3841 789 10462 930 4371 11168 12320 9209 12560 3810 10981 2971 1369 8935 3896 8008 11484 10938 3399 818 10092 2589 5399 9548 3173 10057 1174
9481 11898 6917 9909 4775 5751 2280 3239 10527 5074 8600 920 10054 605 1692 1007 3649 5588 6023 2971 7733 2766 4484 5593 10375 10938 8151 8854 3914 2589 2294 4106 2492 3480 8668
10803 394 6917 12549 11807 11253 9172 3239 9953 8290 13123 6206 10054 10479 97 446 1085 11246 577 5744 10078 756 5123 10077 7144 10938 1240 4402 2482 3002 12911 6064 11143 11823 5461
4930 2226 4999 3894 11109 995 5928 6790 11005 6963 13123 2721 1013 3317 6724 10941 1085 6665 3971 9296 4935 12742 12891 8301 1953 10938 11092 8287 7170 12540 9400 11151 12953 6475 11619
3448 4824 4999 3969 5264 3917 2159 7307 6939 6963 12383 3837 1013 10208 10543 10941 10833 6665 5700 8204 7689 1862 11640 5802 1953 4800 3571 7578 9941 12159 6711 7801 10959 8574 6224
6176 4824 941 9411 9436 4781 5440 6145 5749 6619 1286 11265 191 9628 11724 7861 6097 2668 4668 82 3848 1358 10999 4544 10321 662 10556 2832 437 7175 6352 5967 11988 10550 6444
6176 4824 12575 11817 9436 7939 5440 9574 3322 3744 11563 11265 6093 464 2453 11769 12238 2616 5267 8949 5571 2104 5376 4544 4127 542 11798 5781 3890 4813 6352 1952 471 2150 8964
6176 4025 12768 3726 9436 12690 2144 9574 3322 3744 9791 2563 6093 11236 2453 9067 9343 2483 5267 5059 8479 11328 7747 1040 11520 2600 1098 8392 6340 5253 12107 2472 12360 9723 1364
7559 4025 7722 12869 10212 12690 2144 10426 8348 3744 9791 9396 8095 2198 10838 9067 9761 11207 800 9024 5934 2755 11687 11316 1955 4200 2153 8392 4476 10118 4748 902 3290 5747 9273
1053 7977 5546 2171 11993 674 2722 9350 5151 3744 1075 6065 5823 12384 11178 11463 7826 7133 800 7700 8125 4915 319 12386 7981 5860 7988 10592 13098 12324 12390 9112 8663 9357 10383
1053 5562 2945 2171 11357 674 2722 9350 2501 10912 10565 6065 629 12384 11178 3403 10207 400 1918 4877 11536 10461 5948 12013 364 5860 11870 4009 9188 12324 8153 12199 11944 9646 4413
8767 5562 4587 3178 8744 4773 11949 11386 2628 588 13145 5897 1839 7487 3007 6442 10207 4571 1918 7469 1633 2985 11695 7199 7057 5735 6306 13061 4102 9202 5563 11712 6613 8033 5279
8767 3130 4587 8054 7780 4773 3529 11386 545 2756 13145 12108 1839 4698 5808 8017 1526 2210 12049 8103 2331 6169 2373 4964 13101 9507 7989 6261 4102 3863 6572 11712 6952 4792 9333
13138 10027 6548 1596 1893 4743 8658 11386 8945 2756 13083 3257 9603 10783 12150 8439 1295 11618 12684 10997 7091 6169 7390 9948 10097 11487 8285 8481 3644 3863 6572 8707 7615 13134 2215
5128 4572 6548 1596 12246 4743 12909 10593 12532 13082 4699 9557 7643 12433 4494 8439 13040 6505 11434 7604 12992 11019 2082 6374 4107 3369 11046 10235 11657 47 11791 3429 9939 3339 6965
5128 897 4033 4957 8184 10990 1606 11682 12243 1117 4699 12513 7643 12433 4494 9992 9210 6505 3853 6694 5826 8932 9847 3962 4627 5924 10554 5874 10709 9958 1186 7850 1441 12344 7618
5128 11006 4033 1170 10440 496 5163 3883 13073 1117 3113 4675 8713 6409 7125 9992 7192 2891 11115 9711 10241 5559 6984 4723 12884 799 10954 5430 12646 4473 5231 3600 11521 4220 5892
8843 7668 6786 1170 2493 3246 4942 13017 1334 1081 2672 5283 6458 10446 5384 8970 4487 4726 12125 1057 10726 5559 11969 8299 3630 10112 10049 5430 11843 3805 825 2813 5442 260 10877
10051 7668 3689 12469 330 3385 10932 2848 1334 7751 13110 6565 11238 7902 1622 8997 7479 11858 4222 5625 6561 3690 11824 8299 957 188 12778 9618 4801 3805 825 2813 9042 10301 7298
7485 8773 5288 7332 330 1880 6162 4662 6136 7751 7428 4763 11238 28 9801 8861 62 12282 7227 5625 10040 9254 172 5818 6868 2742 7380 2236 3474 6672 12640 9069 11036 11415 9945
2324 9759 5492 8587 8729 11642 6162 11072 1425 4098 136 9581 7928 11913 3741 10612 7723 2856 2707 4011 1954 7288 3929 21 536 11715 4198 1614 3474 2741 10465 1694 10507 10482 8242
9982 8562 6859 4828 770 11786 9243 6675 740 4098 11912 10772 7928 5881 8615 11576 7476 2209 2707 2502 11106 12576 2179 10265 5117 8933 4264 6244 8709 430 2555 9767 10771 11197 5284
5459 8562 9822 9239 4508 11226 9243 7882 740 5824 2022 5647 9151 11393 2035 2075 7476 13089 6411 114 5988 3588 4415 8509 12219 3955 4264 11242 5620 3791 550 1438 4702 10943 3664
5459 8562 9822 9239 4055 11226 7983 12580 3675 8385 6906 959 2637 11393 2035 8571 7838 7394 12103 7296 1402 2435 4847 9991 10860 11877 3142 7550 5837 7431 550 3336 2995 3329 10164
1343 9092 9822 6803 2522 11226 12046 3784 2937 12136 4680 1509 4289 11393 2035 2748 6165 1576 12197 1792 12613 1937 12648 12030 2335 12777 7890 10720 2623 12991 4863 3336 11673 4696 9592
3123 9092 8903 3394 10845 6024 3562 8864 6933 12652 838 7295 9682 7958 12141 6999 343 1835 9846 509 755 11651 11978 11706 1381 9405 477 3146 9241 7430 5124 11498 4875 9006 1126
540 9973 7568 1561 10845 12220 3562 10985 5032 12652 2260 9095 10006 7958 12141 1801 9150 9138 10849 4474 1746 6569 3595 13081 1932 8289 1572 7377 11690 12907 7171 9949 8263 6581 9177
1718 7536 45 1561 5086 11313 3562 1484 1968 962 9629 785 3683 9468 1192 7497 8428 2306 2322 12754 7270 5479 4764 8918 12717 1466 1572 2799 9606 7798 9984 12746 3860 1939 2757
1532 11254 3188 3535 5782 6124 532 243 10484 783 9629 11768 10692 11099 5723 10919 11736 12688 8991 723 1054 9970 4138 3311 5999 10005 4355 12522 4410 7798 214 9083 11851 5621 9307
12179 8489 8203 9303 746 11163 3110 243 1028 783 1035 6433 9879 9841 10691 12407 11736 12217 12497 11383 10171 6087 2739 12685 1436 11202 6815 12522 10616 9134 795 1542 11851 8682 6848
12179 7060 3155 11513 5371 11667 7819 9201 2094 13030 12636 6433 9879 7322 10691 4351 5310 12217 2490 5821 8596 5118 12562 11701 1436 11616 12321 12406 5877 9665 5840 6285 376 2840 9438
3580 5111 9176 952 3740 6582 7819 9201 562 12808 10410 6211 48 3719 11334 8015 10904 12217 8207 1011 8596 9235 2953 58 13125 10298 11154 713 12172 4057 9971 5495 12747 2761 6207
1610 5111 9176 952 3740 630 7839 13126 6930 6916 907 3444 48 9692 3725 10391 6314 10643 8207 10964 1743 13052 2867 905 7799 194 2044 1971 10262 5010 2032 12804 1045 11804 7449
1610 9766 506 88 3740 9830 5004 13126 2696 1385 9492 6227 7197 2045 745 10391 450 6869 6470 885 8413 4471 9155 7532 5208 1573 3592 113 5378 8591 1516 971 6234 1976 11477
1234 4348 506 10548 8183 8984 5004 11960 2696 2437 4660 8021 3887 2045 7324 3867 450 11181 11723 221 8413 10969 3380 4784 11461 127 5833 12628 4237 5261 12548 6882 9152 3200 10786
9632 4348 262 5140 8183 2263 9012 6029 9369 2437 9381 12710 8351 10346 11844 3867 5865 10276 11347 8561 3376 7439 12419 4784 7142 8389 2426 5452 1656 1125 2461 6882 3732 12343 4659
4164 9667 10364 3275 8183 5249 4736 3771 9126 5796 1000 6846 8351 325 8029 2433 7545 10493 10064 5157 8309 10368 4604 4777 3978 1268 10163 9643 1133 6707 12966 7495 10011 11827 7256
4164 9667 586 3275 8855 9584 7103 875 7215 2234 9372 1727 12700 10010 7486 8082 4000 5852 573 6082 11918 1237 4604 3524 3978 5292 10163 320 2605 144 981 3053 4794 4067 7684
311 961 4956 8241 8855 9584 11961 5460 7215 2234 9372 12224 4488 5278 12795 8082 3970 3685 12881 6540 7174 7517 4911 5269 3623 3639 2998 768 414 11672 10677 4889 7544 1486 4441
13056 9390 3097 9911 2999 12972 11961 12885 4882 9892 9928 3996 150 5278 4840 1838 3970 5408 10879 8193 5534 7517 12879 5269 8840 1958 9789 7308 414 7612 2876 11186 7477 1378 11425
10420 1523 1163 2710 5483 3461 10982 7440 4882 9647 11271 3996 150 5814 12154 1861 3455 5408 594 10748 5901 847 8316 3570 7386 1958 6498 9829 2629 8307 6295 2217 10395 8939 1305
9070 12479 8696 6979 5483 5327 12588 7440 822 4974 6994 8112 2011 9034 12154 1861 79 3637 10586 10748 6841 847 8100 7593 11088 2554 8144 4909 2629 3095 6295 12382 11967 2130 12476
12937 8134 12716 5223 7027 5327 12588 848 6168 4246 6493 3514 2011 4638 10389 4160 7033 2648 10586 998 11547 6313 444 1110 11088 12363 10680 1583 1945 7026 11570 6762 12059 4115 4961
10723 10094 10143 2069 13039 844 12588 8897 9193 609 10281 5828 2011 8593 10384 4160 314 7608 2916 6077 8412 1988 10624 6316 7936 2174 10680 3388 12541 2808 11034 4822 1348 9408 11780
9230 6416 6120 9478 2 6118 4002 5636 7122 823 8603 9859 10331 2763 12097 6183 6571 10345 2916 6381 12536 4044 10624 11595 193 8501 6116 6392 2136 11952 10044 7621 3819 12326 2081
3191 9358 6120 6647 4161 7260 5611 12577 4661 2119 8603 3355 11009 990 12097 5474 9035 4176 2242 7053 10065 9663 7638 5737 4684 6915 8491 10549 8931 9052 1065 9636 7551 7541 2940
3191 7662 301 11554 3042 10469 7742 12577 12759 2119 4436 8717 11548 1735 10366 12413 4039 7731 10712 7053 2677 3891 12272 8027 3629 4306 9363 12210 259 12486 1815 721 8009 5314 8315
10915 5927 490 12535 12737 5765 9904 10558 2219 5266 3100 5447 9744 9588 3307 527 8902 3747 12848 288 10699 6657 8020 7265 10316 4306 7597 3087 11047 12486 10609 4525 9678 13031 4657
1535 5927 8950 2266 417 89 8222 5654 7812 5266 3100 5447 1628 1616 8383 3964 10433 1882 5130 3820 10699 10961 7247 1546 1800 8896 9228 5290 11047 2205 874 11239 2834 1456 6977
1535 1094 8950 13179 8317 11953 10451 3208 12604 5266 7692 5447 1628 2216 186 1044 1161 7186 5130 2425 617 12828 7247 1546 6812 665 3359 9279 396 7899 8827 11397 10706 7803 2665
2980 10560 3337 1477 8317 5817 10451 12281 12026 9378 4412 2990 5510 3567 7845 4730 1161 8700 7082 5670 11280 7255 2685 7222 5011 10081 12285 5728 5656 3869 6215 10047 3299 9096 268
3170 10560 8921 11800 8317 7967 5903 12281 2921 9378 13114 9876 8548 5996 2255 1181 10753 6562 5037 10253 11280 8243 2685 10555 5011 5031 9952 8510 1761 9463 587 10693 3768 2140 792
5312 3861 8811 11800 872 3330 2896 12281 12409 305 9494 9876 6156 10533 5519 210 12930 11703 4453 12071 11280 4049 11634 2414 8661 5031 2973 12718 12450 10102 6676 9863 7634 7807 4578
8782 3861 5174 12817 872 4843 5539 3096 8594 12102 7893 9702 1921 12671 5519 7350 13064 11344 8859 13013 1284 2659 1676 2414 908 9260 786 10574 9659 4837 8555 11035 6397 3667 4578
9999 3861 5174 12399 4771 4922 5539 5079 8162 5979 7216 12389 12987 6327 371 10654 11781 8069 12630 7972 9533 12233 1676 2414 7232 3433 11954 10413 2386 10086 9214 2779 11836 6607 8431
9999 2510 8889 10243 6461 7384 2822 10457 894 601 11776 12389 10423 9376 371 6454 10031 2516 8010 7683 12471 1503 9537 3055 8735 8798 7987 5230 9796 10573 11081 12439 3025 5351 3473
9999 3943 7353 11839 10671 1238 2822 10567 5044 688 11776 4788 10105 4337 3310 6503 2001 3495 8010 4628 4831 7134 4052 6744 5358 10299 3001 5230 6980 2749 9590 6378 911 10343 11249
8666 3943 7353 11839 10671 1201 8189 6468 4379 2540 7711 12005 10578 4337 7862 5247 1413 8174 2826 1215 4831 11980 1283 7923 8844 12057 1551 5949 7391 3993 832 2430 10572 11449 1393
287 4181 9932 11043 7330 1201 1491 5887 6993 2540 393 1643 10578 9579 10645 6061 2471 8174 4388 3693 2662 11273 9680 7923 8844 11130 1551 2114 7149 4826 9090 3468 4626 101 7802
10888 11044 476 11043 7330 9990 284 5887 6993 2632 10487 12318 12787 8820 4566 6061 12842 8174 3946 3693 6069 4868 7617 3328 12516 13067 7335 1148 1578 5101 1686 10534 11040 5196 2259
12047 11044 5951 4833 1913 10515 451 5887 10741 6974 5791 8856 12787 8820 6555 3713 1977 5535 10525 1379 6069 843 174 10623 1105 11329 4888 10829 2777 945 734 8147 1119 12216 8434
12047 4839 6925 3417 7109 947 7853 2890 5661 359 7519 8856 11469 9972 57 8320 7969 1758 7489 3426 1171 10292 11860 1328 9005 1897 4663 8123 5193 7 11966 80 8094 4275 9890
1153 6808 6925 8522 4537 947 11418 7231 3062 9550 7646 6950 6228 9972 12963 810 11082 4549 9777 6990 1410 778 8863 6401 10630 12818 3298 9186 11676 234 9389 6522 4734 8625 4687
634 6536 5793 12585 796 3519 11694 1455 6940 5760 1620 131 2365 5882 12963 1164 3415 3222 9123 6990 1410 10890 4204 3578 5380 12291 3558 7631 138 178 4349 10415 4533 12547 5477
634 6250 8602 2951 796 4188 6332 1455 10157 5596 7911 12662 2365 8156 4756 5879 6158 11421 1280 9270 11245 10890 5637 742 338 8654 3034 7631 5270 1856 2327 11647 12556 3661 10271
10841 4654 204 1944 5763 3707 6332 239 1919 1176 7911 3984 10475 8156 5486 11871 6158 572 2113 11929 12557 8947 11533 6471 4927 9401 4937 2687 4345 3714 5905 1998 5414 5581 11405
10841 11250 10811 1944 3657 5805 6332 239 1982 1176 7911 8687 1852 13006 8239 11888 1933 2106 1244 11929 12862 1978 8968 10055 6595 8778 5690 2687 12732 8806 7640 4610 5414 6938 10730
11744 11250 7726 7511 10754 5805 5910 239 1982 1176 654 1961 3838 5165 12807 2463 4229 12043 1244 6747 2823 10072 8968 10055 8506 6138 5690 6597 2926 9869 4273 6767 7337 8631 4259
11783 8837 6237 5884 7782 8974 12458 6264 6652 42 7676 8275 4257 11083 3948 10710 12119 3898 4881 2253 5714 1019 5242 7680 1896 2050 4005 7421 4426 328 4247 9374 9301 9265 8891
11783 2601 4934 11730 7782 5178 12458 8056 9656 4708 7676 4548 5978 8754 1598 11756 8893 12877 4444 8852 12854 1019 850 2398 1896 11882 2096 9003 5431 7409 10226 7687 5194 7555 9
7259 4718 4934 11730 1347 8268 12458 4350 2760 4708 12237 7776 8049 12117 10828 11756 3930 986 3458 8852 11420 4789 7663 1458 10826 2649 2256 9699 2888 5916 6910 5973 5194 684 1210
8081 7588 5476 10270 10856 7816 11321 10015 2912 8394 6302 1185 10159 12117 10828 2486 6257 1654 1771 727 10117 5467 11799 5940 808 2649 12037 8662 8304 3117 6910 13155 3782 4611 12498
9302 7588 11263 10270 8842 5451 6015 12040 6459 3605 1986 3720 1476 1387 106 7226 1825 7724 9926 429 9055 11758 9099 6998 12492 1084 1799 1857 9655 1637 3147 4928 6396 915 7552
9302 1142 1957 6315 8842 5451 1282 12664 6459 10066 1704 4747 6376 1387 4280 229 1825 3056 6592 10685 3617 7460 9099 9770 6784 4535 9132 6805 11354 7008 8337 6811 2403 10544 1898
9302 11671 1957 3377 11407 3708 4563 12664 8829 5456 13121 9893 8599 1387 1223 8697 3072 10007 6150 10685 3279 10151 6041 3244 5387 10437 12095 8985 10185 11889 321 4277 3679 9144 4330
5250 11671 9330 10114 942 9654 3757 2730 8567 5456 3233 6655 8823 12239 1223 11075 7420 3785 8994 4126 6245 10663 2705 5228 1061 4873 10749 146 3712 8637 9157 9448 12864 11965 2614
11288 11671 10579 9025 942 9654 9129 4740 10356 8386 3233 5133 4997 176 1223 11075 7744 10864 8994 943 6245 12402 3769 5228 1056 9620 10749 5925 12403 5277 9735 4807 3823 1472 1631
7738 5412 11010 8083 942 8989 10214 5444 7872 3516 10587 5624 6986 6489 1262 6964 4001 12554 11907 3508 2717 5517 4251 3615 11376 5641 712 4898 12445 13048 6336 8725 6372 7206 3509
2781 5412 1511 11411 2920 1213 10214 1418 11323 9794 10587 9947 6629 1408 4312 1073 12165 4128 611 1848 4780 8022 2812 11973 11376 11579 367 3284 3107 4917 6336 1522 7361 1762 5281
9758 11795 12559 5755 2920 4940 3502 10380 999 8117 5985 6945 6629 9009 7482 8282 12165 1469 11501 4012 8340 8133 10986 11488 6580 7596 8086 10318 11409 13096 5942 6073 12701 11315 3656
3184 12641 12559 7903 2862 4940 3502 10380 6450 3530 9275 5305 12749 1459 5871 8282 2181 8832 2881 8037 6903 1030 2608 10984 4303 3231 10500 10318 2587 9617 2265 13136 7090 5579 934
3184 4796 555 2663 3767 2122 2776 11975 10880 10269 4495 1428 105 361 107 295 6532 8832 9599 2157 11614 6625 10781 10303 3952 8526 5404 7153 1507 6239 10192 3136 7761 10564 4590
8024 5206 555 7187 3767 2594 2776 7331 12284 156 9422 258 105 3127 5295 5945 4301 758 6888 2157 9955 4437 6976 10303 12488 6649 6733 8954 11291 5119 9780 772 10852 10589 12814
6780 6260 7239 7102 4900 12069 12313 6040 3906 5367 6817 8683 105 4470 9284 12794 11431 758 110 2157 9955 4437 6976 1289 503 968 9486 7887 4838 5119 12182 5711 4234 10589 10251
1740 1510 11330 11224 9244 1357 12313 11497 9021 5367 1559 4817 5664 12619 9284 3981 6610 4169 69 2054 3232 624 9387 4770 11358 2801 248 8353 6789 12404 12378 10813 9570 3704 3193
1102 1510 7230 189 265 7283 12313 4774 9021 12905 7342 12094 6637 12619 3754 9562 253 10369 8030 5173 8139 1951 9944 739 1966 3875 9965 7632 5150 1001 12378 10562 6117 11849 2340
1102 4276 2351 7274 11068 5867 4278 2243 7940 11749 53 3874 12923 3697 9691 12317 253 4818 6032 2957 7952 10450 7766 11930 1966 1039 9965 12868 635 9016 5469 1145 12895 5732 24
8424 1304 1124 3111 9086 5867 10867 2297 3003 5 170 6235 12923 1049 8535 12317 6412 4219 5500 13008 2553 8472 2355 11581 1966 10649 1224 10268 11765 9002 9158 4332 6720 7584 3449
7349 1521 928 3111 9086 10540 8539 7029 3003 11757 170 869 5912 6818 6167 9834 3064 276 12734 9366 12591 8472 8450 1360 7900 3647 1017 5789 5183 13053 12034 9267 2882 12976 12973
2807 9784 10203 9648 9086 11486 826 11951 7564 7820 2642 869 9677 11991 6167 13094 12180 276 5750 9935 12591 6804 8450 10068 7945 12342 3604 6664 529 2975 3378 2137 6742 5023 11350
1015 11191 10600 4387 11612 7938 11573 10682 7412 9672 2642 12910 9677 6921 6167 4192 6190 4322 5750 12453 10713 1590 8450 643 1979 12342 9912 7554 1050 6027 2199 9403 1108 3133 7316
3738 9370 11160 4024 3486 7702 8540 7314 11584 6189 11883 6466 9677 6921 6167 7750 6186 4322 4601 6534 2228 3349 390 11892 7297 3937 5272 2368 2367 1611 5766 1970 280 4253 11862
3738 9370 7535 3214 1104 2537 10361 7314 11584 1376 12422 6466 4768 8513 7234 11557 2630 4322 1899 3575 2833 4691 8655 1667 7297 1083 6423 4500 1384 2302 6864 2992 901 6210 11372
11440 8171 11391 5485 3446 1400 3843 5568 7537 5569 10701 606 5550 209 4561 7594 2182 7468 6441 7748 12027 11086 1447 7172 9156 10145 6346 7272 5268 2238 6669 11689 1754 2906 5426
1513 2802 5769 6693 3446 1400 3843 7707 10883 10809 5836 3901 2603 10876 9976 10174 2182 6599 12204 10392 9519 1647 8908 7172 6893 2093 5682 9146 1442 11073 6623 5943 216 6743 5076
1513 2233 5769 7473 2450 2769 8617 7707 3153 10809 5377 10952 622 488 11278 10174 2690 11766 4062 10392 10908 2593 12984 7172 11188 7664 2084 9514 5902 11073 12252 11641 6056 11686 1993
12424 2233 1876 2003 8975 9397 6236 2639 7763 9523 3338 1397 622 10910 950 10522 13165 6596 4062 613 10908 6312 5145 4519 7083 9771 3862 7825 8274 13057 2977 8684 9642 11772 7607
6272 2233 9233 2950 11876 3801 7538 687 7763 13100 12189 9264 9415 12251 11162 1560 6560 10806 4062 1548 6068 933 5061 4519 11778 6487 8796 12783 10123 3020 4373 1427 10411 9831 4599
6272 10405 1983 3382 11876 3801 12019 7136 3550 9938 5489 5063 7752 12251 6802 12983 4856 1419 3445 391 8446 12709 12452 10832 12029 10376 5984 7713 12416 12072 8771 1427 2743 3684 1964
10115 86 12137 4753 11876 4342 10477 7136 2858 9938 919 10526 7752 6640 6702 12983 455 12875 3445 2714 8523 4458 3218 1845 2774 5434 8218 993 6001 5551 6874 4134 3145 5608 5549
10115 491 11331 4753 6020 8711 4321 6151 5619 8930 919 10526 9716 6640 9077 6793 1710 9597 6339 2714 5339 4458 9544 1845 8804 8152 12262 1924 9549 4581 7151 12206 7064 9371 1791
2588 491 8664 2078 8208 935 4321 6978 9253 1615 5052 10665 11866 645 7682 9310 13058 9954 10223 4759 4946 689 9544 12722 1138 11363 6713 2379 6380 1409 11375 309 12082 3265 9084
