4854 7070 5498 5502 2352 7651 345 5523 2041 673 8210 8471 6697 7376 3316 8347 2142 7343 470 3923 9326 2505 8781
2210 7070 8721 4096 8144 7651 5525 8643 1275 673 6343 152 4182 6366 6455 7575 718 724 4389 3492 7089 9071 5018
2210 202 2689 4096 1811 169 8565 3027 6526 54 6343 152 6756 8521 1646 7575 8748 2830 725 3904 6895 9022 3589
1741 9073 3832 4676 494 7200 2302 641 7884 7160 418 5115 4540 1543 5031 6708 5548 2830 7017 2961 5015 7016 2931
3107 6528 9103 7540 494 7200 196 7334 7884 8459 2181 5115 8423 6420 6335 6520 1212 13 2403 5735 2155 8858 7941
7001 813 6735 8332 5097 8992 196 4119 4734 8320 4892 3997 7252 5693 3057 3063 8780 7747 3011 1442 3974 9024 7054
2570 2483 1621 2036 4030 3559 7514 4559 3028 8853 1609 243 7252 5693 4398 2754 5666 7747 3918 42 8961 6471 6923
2570 463 9173 2036 8310 9168 7514 7568 3568 2882 1609 85 5847 682 244 3311 5547 8713 3955 7238 756 1017 7208
5596 463 9173 2036 1162 518 8650 6802 397 6816 4686 5162 3128 1720 6122 3311 7692 3389 283 1990 4792 7211 4584
76 8636 3550 5407 5170 1525 9247 7444 397 7132 2664 6032 8446 7380 6122 2720 5607 7168 3250 1990 4792 2094 235
76 1549 2518 8514 6242 6325 2286 7444 397 4351 2131 4789 8446 5564 6122 2860 7690 4747 8966 5043 4141 6427 1097
988 2500 2518 8514 4597 5587 3891 347 4810 5750 7698 4261 7766 5101 8583 1518 8319 4747 4866 4004 3765 453 2974
1255 2500 7279 651 4597 5587 8967 5470 567 5490 7698 2583 205 5101 5760 6608 8572 8300 2858 4004 3099 6693 8501
1255 5759 1813 8550 5140 3592 8925 5470 8613 2597 3495 4181 8493 4532 5760 8689 1243 7049 8456 4611 2533 564 9214
3256 8535 1101 8550 9072 3592 3020 7646 7548 8517 2738 4181 1106 4532 6873 1790 1243 2177 8767 534 8018 7242 7993
1503 5434 253 5367 6844 4809 7674 5208 6660 8307 2738 3602 1816 2053 704 4800 7280 672 5716 5615 5675 8231 2437
2438 7619 4867 3779 3760 4809 7530 4247 1216 203 572 3602 647 2053 3677 8154 7280 301 2002 7162 3637 1763 4214
4831 2795 4867 7502 443 5274 5150 4247 4232 717 572 2621 4086 6780 2150 2494 1185 1733 5479 4645 2446 1763 198
4831 9297 8094 7502 443 5274 5149 4868 4232 1352 1191 2621 287 4065 5028 3412 7118 3499 3643 8388 9155 8498 7454
1103 9297 8094 9236 7406 1717 3116 4868 4232 5786 4723 5936 1867 9003 2668 3412 1123 2084 3643 192 5520 7012 1798
1103 9297 6163 2770 3826 1717 9289 4384 6024 8034 4723 5936 4510 2679 6513 4252 1123 2084 8293 8678 5520 7745 2578
7315 9297 8732 8773 6266 614 5500 8083 9001 4926 4723 5936 2767 5741 2944 6125 2710 1539 7485 7316 920 8878 2578
7315 7330 2843 8691 6266 3283 318 7421 4990 3137 5418 7381 2767 3168 5979 9081 6124 1602 7601 7795 920 264 2367
7570 9119 9060 7004 2480 4239 5846 7421 5601 2034 6165 8998 2804 6046 6205 2007 4555 5008 3474 3086 8266 9211 8294
8195 7201 8862 5263 5916 11 376 2467 123 6815 5422 8998 8726 6046 4360 2007 855 9083 1083 1301 30 4341 4456
5048 7201 8862 5337 1474 5952 9291 4211 5016 3875 2271 4972 3117 501 2670 2110 8271 8029 1171 8510 987 1574 7831
3387 9181 5494 3859 1474 2947 4190 4211 223 5180 340 944 2750 4541 1959 1903 2380 2544 1171 4124 5129 4730 7498
3387 3085 4498 5830 3039 5562 35 8544 201 1830 282 944 4874 5965 6913 942 2380 2817 2848 7556 182 695 4928
8688 6631 5737 5830 1245 1273 35 503 201 5032 900 1250 2450 8382 4834 2365 4418 1734 2848 7556 6117 7843 9138
8688 6631 981 8006 1403 1273 249 1408 1929 2915 900 7607 6593 260 605 9158 456 2911 9007 3506 6256 7477 2124
7064 2281 2397 8752 3207 7663 8738 8787 2774 1195 900 230 457 260 8863 5983 770 5030 6350 5747 1174 1291 7697
4148 5940 7416 4652 3207 7663 5684 1490 2774 3927 6947 3798 856 1358 7245 5983 770 5030 2369 7125 7904 3255 1258
434 5940 6458 738 8719 1831 2363 1490 2632 1286 2548 6071 8555 71 1729 6862 7062 8370 8872 5826 7141 636 2453
189 2718 6458 738 215 6824 2363 4183 2355 1286 7102 4875 8436 1576 2976 3413 4719 2274 1579 3825 8021 5720 5954
7658 7191 7794 5817 2370 6824 4265 7270 7268 3259 2396 4531 9167 302 7183 1407 1567 2274 1357 4713 4487 8365 5954
7658 2721 6703 5817 3701 4201 5341 5492 7268 3310 2396 4419 9167 3944 4386 1070 4042 999 2510 3983 7480 937 5042
7658 3511 2008 3205 3701 4201 5341 8951 7985 4718 151 5853 760 6140 8070 553 3902 3074 1891 2686 2652 6367 6378
7365 684 4784 6186 5969 4293 8475 3013 6522 879 8902 6918 8375 6859 7594 4009 4998 3074 8621 799 333 4396 1360
3752 2998 6375 3913 5969 3472 2792 3013 6943 879 6754 6054 2697 3216 1944 4259 7748 3778 8621 2799 5950 7704 9224
3166 6033 8227 8397 8508 2857 2792 1410 3771 6415 6754 6054 4237 7689 2545 2719 7748 5876 214 1709 6092 5445 2172
3166 6692 3309 9228 2527 7450 1480 1410 3142 3095 5919 5944 610 6479 2545 134 4961 9134 2149 6263 102 5953 616
9053 6769 7991 637 1562 7450 8513 6516 1365 6390 8788 2404 3181 6479 5334 134 3059 4376 5541 4721 1056 9321 8578
8692 2477 9315 4165 4647 3187 8513 8364 7491 6390 6340 5765 1263 9187 2524 2392 583 4376 5541 1880 852 26 4553
2790 7321 1151 7818 2676 6637 5743 2209 7758 306 8607 1629 2266 5480 5617 5365 4195 6284 7847 5451 2303 6590 3093
2790 43 5435 7818 2676 2009 2195 5431 6712 2097 8607 6992 2266 27 3678 8814 1099 2481 4573 3703 6814 528 622
1221 7053 5435 604 820 5258 6212 3606 6379 2125 2163 744 3004 8066 1402 8919 3347 369 2068 4805 6814 2132 1324
1686 1257 8036 604 973 7451 5225 2447 1725 497 7856 6235 8334 4904 9201 7060 4951 4829 3645 4805 6103 8831 3525
1686 1257 8962 604 973 7451 5225 6486 9276 8937 7856 6235 8341 5427 4979 8065 7061 4678 5142 7215 8281 2841 7077
1235 1516 8807 6147 751 5058 7620 2259 4664 2225 6678 8314 7248 2320 4269 4654 4345 3119 6663 5521 4014 3932 7964
6792 1516 8855 2122 841 5058 7620 2345 234 2725 4215 6758 7248 1120 5223 4388 2622 3135 8432 8433 3238 6773 3236
290 6870 8855 6491 535 6505 1571 2345 7410 6928 2688 5655 4282 2502 5223 8163 9238 2834 15 2846 617 4084 3884
3887 6870 8855 9091 535 1234 6890 7497 7410 6395 1994 7938 3664 2502 7349 3473 5262 4170 6777 2196 617 1837 7133
3887 2117 7127 1020 251 1234 1633 177 5221 6809 2432 2573 5505 4332 372 5022 6783 5309 367 4292 5933 1438 275
1578 7457 2414 4703 3935 8438 7521 177 1378 5927 6849 1125 3697 665 6682 5022 8547 1219 3370 8102 2765 7429 3021
6972 7457 2141 4703 4373 173 3307 295 9145 798 5316 649 6341 8325 8756 4688 8766 8391 3 8616 2451 5941 6541
9133 7457 2141 731 4373 3459 5565 1353 3409 8247 8584 3806 6627 4019 8756 5281 2546 8105 7041 5597 6275 2975 3934
8443 4308 3941 7728 4373 6971 1560 1677 3145 3965 8584 6828 7426 8479 8756 5281 4116 2443 5519 1224 860 8348 1614
6188 5138 3941 1006 7718 6971 4416 111 4604 8712 3361 5931 2714 7608 5004 3002 4361 1016 3960 7615 4642 3742 9217
8931 5138 5335 1006 8603 6056 1143 91 4604 6561 5600 6987 2639 2098 5070 1024 8344 8728 4011 2591 6525 7877 5517
8931 4031 3634 7081 1391 4155 7634 7105 1948 7867 8328 1377 4431 8230 4898 4901 7942 8969 4011 7169 8640 630 2035
6148 3029 3634 7354 1591 7256 7634 3064 1948 7867 8761 8236 4709 4795 2553 5295 5560 2499 4825 1878 2366 4929 6029
7781 7106 8075 7354 8064 4633 6332 2776 1456 8374 8761 3017 5724 3388 5566 1483 3916 2499 740 4527 6238 7974 421
2829 1460 8075 6159 2109 4633 6332 8681 1456 8374 4383 3017 7598 4720 7865 1620 3605 1069 664 1687 8148 2559 4811
6963 1460 6050 5421 8273 1138 6332 1765 6546 8284 4383 3249 3539 5803 2433 1620 893 3827 5481 541 8983 6128 232
6834 4041 3163 5421 8273 6374 7930 1765 320 4394 915 8437 3539 5803 8981 5754 5144 2190 1641 6250 571 2339 7008
4107 1173 3295 5421 8273 6374 3408 1765 5610 9257 3910 8840 2926 3818 7261 1965 9332 7623 4279 3801 60 1288 2942
4385 1217 7258 4788 1751 6374 8482 4255 1030 1261 7142 8840 2926 8120 7261 1965 5858 7305 8783 3801 8725 7464 81
5559 6048 7792 4788 143 2890 8412 1766 3451 6671 8684 1231 164 6115 8731 3143 3424 4370 8783 8706 9094 3101 3247
9262 6048 9309 2823 143 7903 8412 1696 8736 4774 4820 1514 9283 6115 1426 7489 7236 1782 6978 5044 9142 3101 8923
9262 600 8400 2823 5827 2628 3880 2602 8736 7084 2703 3380 1580 8282 6791 6688 2354 2458 2489 3500 3447 5509 6910
967 2449 2240 2823 4986 1059 3880 2602 8736 6766 6074 8830 4091 2723 6791 3367 3882 3394 8114 3500 8015 771 1588
2611 2449 1491 2587 2730 1059 2532 4420 1264 4856 6074 3023 3432 1630 3012 6344 2640 7495 1911 25 474 7435 4380
2611 5229 4286 2587 7375 8828 2532 2517 7650 804 1091 3023 3432 5526 1892 1679 124 370 5298 4763 2103 6674 2920
629 5532 6544 411 7965 7989 4465 5527 3144 4649 3282 8212 5889 5526 1892 9068 3758 370 5662 2028 1422 3356 1210
629 4060 4113 8917 6893 185 4465 7216 3144 4649 3282 1968 6868 8870 1892 9068 3758 2757 2812 2406 6974 6764 3433
272 3202 4113 8917 7617 1639 6789 6694 3485 4649 4205 7368 6385 4983 116 8302 427 7876 4288 1095 5706 6093 2994
3599 3202 4113 787 7617 1639 1942 7031 2919 7181 7264 2827 2046 8629 8539 907 5980 3084 6000 6558 2699 5297 4736
3599 179 986 3763 606 5444 8445 145 8724 9322 5360 1817 1829 958 128 8296 4448 6856 2970 4395 8912 431 4736
6860 179 4422 2659 5668 5444 8445 8851 5379 7095 8124 5690 8327 3018 1127 6206 5253 9314 7924 7759 1268 4234 2218
349 975 7793 6377 2960 7544 8808 6724 2162 1906 8124 3463 8327 3537 1127 755 3253 5356 6749 2422 9300 4908 5809
2407 975 8659 6377 9000 3585 643 6461 5550 8920 9212 7018 1379 6687 2072 8464 1612 5356 400 4445 1953 8215 6996
4325 3518 8659 7671 1918 1668 6825 5713 6111 5869 9212 8666 2762 6687 9014 8993 6767 7579 2186 6406 830 2782 3479
1368 5290 8822 1461 1918 801 3746 1146 5237 8611 5694 8666 9152 8260 4952 6872 405 9278 1804 7960 4880 414 8329
1368 5290 8921 4296 5639 3244 854 8481 9341 8129 796 2849 9152 8260 7473 5067 7626 3167 2205 904 5702 8528 2463
6446 388 1411 8299 1656 2314 2491 935 897 2497 796 6811 3342 8260 6026 9216 7274 137 499 5807 6681 1575 6610
7277 3169 7693 570 9015 2073 2491 935 3270 5495 6072 2594 1780 2247 6297 9216 5098 4150 21 5688 6836 3795 6936
7277 5977 4886 8634 721 2073 5883 5369 3270 115 6072 7297 1663 3920 6734 3608 8593 4712 5049 5489 5955 6668 4187
7277 1340 1199 309 721 4704 3684 6991 3270 3556 767 8170 4603 1806 1451 8306 5516 8194 5049 2074 865 5036 1533
7277 6829 94 1064 8889 1655 2441 2813 9275 6508 1409 7977 7983 5866 5989 5417 5273 7636 7508 2346 2376 6612 5778
6009 6829 9117 3214 8889 3328 2916 4472 1401 8664 1409 4421 6142 5866 1828 2739 5273 3110 6278 2106 816 3211 2133
2764 4318 8644 3536 927 6269 2916 8058 7721 8664 4754 4535 4683 7560 5214 6330 5428 9240 1144 1590 7158 1637 7517
7691 2466 239 8420 8810 6269 2916 8058 5589 9023 6536 8823 3986 2114 3365 2169 5604 2260 2503 3790 7158 1701 3306
1112 2466 1165 2983 7735 6269 4756 3148 5589 5794 550 1520 3964 3488 5929 7541 5371 8648 262 8497 106 3210 7420
1112 2341 1165 6146 7762 6269 9179 9063 8740 5794 4146 1152 3964 4106 2674 6202 5371 4114 8806 3611 4567 1082 7855
1181 2341 8180 6300 7762 1192 2121 9063 8740 3415 4146 8269 5691 278 5346 8168 7820 3421 1937 4797 4352 896 1889
1181 6279 8180 6304 162 1192 7352 2088 4333 1228 4146 160 4507 4277 3729 529 2504 8848 1937 6622 5746 6973 6935
8651 6279 2712 6304 843 4430 1509 4158 129 1228 4146 160 940 4277 7219 8596 7800 8898 1565 9041 4669 4932 5699
7780 6710 7566 733 843 3576 1509 6104 7166 674 3667 3750 1963 4277 4568 6817 7800 5189 1698 1827 1242 5722 2620
3548 5068 7566 733 2343 516 4374 6104 5874 7712 6168 992 4537 9043 6927 6002 3254 2586 773 8886 3425 5722 6262
3548 2487 187 4392 3419 1977 2174 8031 5874 928 2288 2964 4537 2898 6927 9264 8499 9097 1029 6311 8690 513 4923
9333 2454 812 3630 1550 6388 8599 6702 8201 928 8846 2567 5603 2898 9313 4572 8884 3208 167 1869 1117 1975 7565
248 3609 812 3946 4860 6388 8599 8743 6711 928 8846 6248 6540 6246 8984 3491 555 6951 37 3872 2006 8696 2691
1715 1493 3185 3946 1102 3705 8588 955 7580 7073 3870 6017 6704 4109 7881 3654 7908 9218 3762 2105 2609 7951 6524
1715 7909 1241 5344 2090 3705 2040 955 5943 288 8488 6017 5676 591 7725 8751 4257 2953 3103 3234 1664 8288 5231
5856 4347 6156 5414 2090 6699 3566 7687 7629 7723 4779 6288 5676 1998 7699 688 4257 2953 2772 440 2005 2631 7832
5856 4347 6156 3908 2090 4489 3566 515 9307 7723 520 6288 186 5622 7699 3838 5072 5395 6410 8979 9327 8079 220
1207 8765 4222 6733 6181 4489 3566 5571 9307 7723 7879 2144 186 8861 6348 8974 338 2566 6410 8037 147 598 2130
4047 8765 4222 6085 5837 267 4467 1047 6216 9038 994 3565 200 8861 5685 5329 7764 1196 6231 868 147 5514 817
2347 4912 1585 6085 7547 267 6397 6886 8167 7812 3531 3565 3304 3227 809 3682 6244 3044 8389 8943 9066 3890 3938
592 2724 5868 8313 4453 3588 5818 8297 1535 2319 6440 4335 8534 6656 3953 358 7927 8553 1881 596 9104 2232 5050
592 2724 8904 613 3007 3588 7414 6154 1535 2319 6480 3303 6497 6656 5935 5107 921 5805 4546 8295 7657 7412 828
592 5318 8153 613 3007 2972 8505 4157 1535 1658 7597 3303 1884 5518 946 5107 5681 1693 8046 2775 5530 315 8763
7363 8132 7226 613 3007 2972 8028 4157 8086 4323 5752 1232 6400 6044 7860 6922 8417 2492 1197 171 2896 7359 4029
7363 4147 5472 5219 4696 9058 6357 3349 9135 4323 5752 122 924 2577 3346 3717 7419 6600 1501 1895 2003 4837 983
2509 4147 880 6207 8244 9058 6982 5292 9135 3557 3555 3861 924 1314 3346 9243 2264 4869 1225 7056 5037 1824 1743
6534 4147 4473 6207 8561 3626 5270 4283 6636 4666 3288 7397 6670 5637 378 3077 8652 848 2521 7056 5507 9096 2550
6067 527 2484 8935 8844 8331 7563 6966 6636 8063 7476 4121 7861 1374 6239 4463 1607 7644 4707 833 8585 5103 8804
700 527 4407 7443 461 8331 7563 7838 4167 8063 5122 337 7861 6823 6106 840 4002 9032 997 3278 8381 6875 5884
6004 527 3482 7443 3905 8792 6889 964 2655 3581 8963 6948 4689 3540 5293 7448 8416 9032 5777 9004 8381 6542 5012
3622 9234 3022 3475 1703 3379 2694 964 5278 3581 8963 7572 7684 3540 3173 1632 7813 2344 6240 2606 7726 6523 835
6439 3712 7116 3475 7539 3379 6318 6719 697 3774 6892 5928 7684 5368 8430 6821 8574 22 8673 6195 7988 2932 4997
5930 1214 8594 2284 7539 5697 2273 4474 697 2854 6838 222 4977 3040 6403 6821 7826 8867 8673 4621 3158 8249 3897
3657 4435 4890 4102 212 2078 2273 4299 697 7353 1870 486 5130 6323 2498 3668 6616 1362 1726 8192 947 7630 8051
4725 4435 4890 1265 7227 7442 2273 7954 17 7143 1310 2100 9146 6323 2498 4177 4528 1011 769 6624 9084 2486 1649
5584 4435 8779 6384 5437 7442 2273 225 5374 8587 101 618 206 2201 2291 65 1488 7044 7374 4218 1009 8272 2478
4062 3669 5438 6384 5437 5835 3594 4637 5374 4284 5269 478 6808 5350 1572 7063 694 7810 7922 7149 3439 2788 6380
7996 3617 444 7023 5437 6511 3594 3165 6989 7542 5269 1448 6808 4328 670 7063 6877 6182 6088 8511 9253 3788 5475
7786 3617 6957 7364 3118 7112 2965 18 2952 4925 5663 8709 7167 5191 761 5644 522 5161 635 6628 5357 6914 2184
7786 1768 4841 2374 6669 5232 8264 2063 4143 4169 5310 8709 3777 8074 5734 1229 3595 4244 8682 1570 7403 7058 4643
5613 922 6515 2374 8916 5232 8264 656 6847 7310 7982 2151 6063 6925 2014 6531 8626 8658 3980 1469 5641 7058 495
5613 922 6515 4017 2146 5232 1150 780 8202 4544 2705 9174 4640 6925 3060 7377 8013 7423 4208 7774 6019 620 3796
722 632 8149 5323 6583 1092 1150 8730 7978 2139 7789 9174 4512 2465 2561 2540 6580 5658 7170 2055 247 8540 810
2459 6464 6280 490 6057 5595 3804 3574 8349 2833 1683 4056 2646 4055 354 8434 9337 2309 6806 9176 536 6454 241
2459 5383 6422 7461 582 1071 1194 551 4701 5721 8471 2934 6055 1065 2969 2080 3621 4264 6806 8970 3660 8147 1587
7886 2099 6422 2352 6698 2564 6018 4408 653 7589 8471 6105 4130 1280 5476 258 3656 3516 6806 1600 1522 8383 6832
