1421 386 147 3060 2476 5360 2451 3023 218 2096 4051
1421 2410 2560 4165 2924 5360 2451 1674 2020 1632 4114
3865 4341 2560 943 2803 1886 1691 1079 2048 705 4788
961 5029 1963 943 1515 734 5183 475 2048 2785 1556
3020 5029 4395 943 1596 3359 3303 633 2144 1267 916
1348 785 4395 848 2027 953 4478 1759 3222 2406 1253
4937 4549 5288 2531 4330 3177 4959 2775 3222 4489 364
4937 3740 281 2531 1148 5381 3285 2737 3026 4644 1994
2618 4275 294 3557 1148 5381 2892 1196 3503 4998 4671
3465 4275 4378 3557 971 5365 5436 5211 3503 1037 1999
3465 1081 3329 3507 4630 3904 2887 1234 3813 3316 1317
61 3370 3329 2471 3670 3654 2887 1777 797 327 2028
1949 1956 2735 34 5119 619 2508 2890 1672 2455 4113
4121 2788 2735 1371 4914 2299 197 4425 4066 5359 2868
5311 5390 2186 1366 66 35 2170 2942 2945 4164 4876
4501 5390 2595 5236 1662 1550 2170 1308 3649 3712 2345
4921 861 4258 397 1662 4405 3298 2708 988 220 2770
4722 3375 4212 397 1662 4405 1462 2708 988 5448 866
2334 842 5399 397 39 4927 2375 1496 5154 3719 3520
4962 370 2616 3343 39 1051 2202 1496 3896 4855 4826
4962 395 5213 4061 39 1051 1487 4385 5240 1701 3701
5146 1264 4040 2323 1885 1051 3686 2528 3482 28 5310
3890 352 4040 2594 1885 2213 4390 919 4563 2912 207
2552 5275 4040 2594 1734 4973 3275 4491 3593 316 207
2552 5480 265 4929 1734 2857 404 2210 248 2286 1258
2155 4466 265 777 1734 4383 404 5501 1534 4858 3723
5168 3778 967 4666 851 613 2589 2046 1534 1320 3881
5168 4142 4053 3889 4737 4706 2589 2561 4418 881 933
4449 3676 4053 2065 1851 3067 1517 2561 2453 1862 3823
2355 2055 2970 2065 190 3349 4159 5023 2254 663 2220
240 1163 2970 2065 4608 3476 954 5145 2254 143 2411
1379 3772 2970 484 1569 1425 442 5145 4118 143 930
1379 1955 3111 484 1569 1228 3886 4578 871 4429 4286
4987 455 922 4784 1767 1228 3183 4243 1657 3436 1167
4987 5148 5411 2131 5489 2822 2913 4617 2923 148 3944
224 3991 2640 2441 2691 1448 2072 5291 2923 5121 588
604 565 3297 4106 2403 4484 2072 1383 452 5095 5254
4193 1062 3297 4627 2403 781 1586 278 452 109 3398
570 1062 1529 4627 3744 781 2480 278 5045 5476 410
570 2209 901 1768 4467 2324 1013 1480 1683 2861 128
1008 283 3564 3705 4467 2324 1856 2304 38 1281 128
878 283 4716 3391 4975 968 215 4828 4823 5191 4845
682 162 3358 384 1443 4629 408 4461 694 5058 5306
1230 3131 3358 5082 4763 4580 3736 2585 5373 5285 5306
1783 756 314 3773 769 5193 3435 1278 2991 556 1056
5207 5226 314 3773 769 1265 2274 596 1903 4487 4759
4999 5293 254 1558 3912 1265 5007 3327 1620 5055 5157
365 5293 254 1039 2813 621 927 4384 1620 998 3135
2039 5342 1965 5279 3757 3279 4007 523 2320 5246 3566
2039 1144 862 5279 3757 5008 5087 523 2320 5246 1015
4743 1144 4852 683 2900 5008 5087 1805 4376 2517 1132
4743 2347 5441 4557 1745 1134 2017 1564 5253 5026 1447
422 3619 2308 4848 165 1134 2017 5350 5253 1663 3682
49 3178 1839 3469 5363 1134 1296 145 2843 5271 2687
49 3178 1636 3469 3344 2634 4479 3457 4223 4203 2828
4891 4647 1328 2527 2680 161 2387 1414 1939 164 4690
4891 1209 2137 2527 2680 3117 3871 5063 77 1165 5192
1792 1412 4935 4196 4986 2197 3871 5063 4291 1828 2185
4818 4619 530 214 2013 2197 1840 1430 5089 1654 159
4818 4619 530 944 4093 2541 2445 2233 3692 3913 354
5051 2277 2373 3336 910 4321 4295 36 4112 758 4555
2802 2277 2373 3270 4254 3783 4046 225 4037 4875 946
3575 1922 4545 5056 3239 3783 4046 4373 3617 2741 2801
3575 1922 3430 2542 3239 5257 4105 1693 1493 1049 2398
985 1922 1243 3212 1287 1327 4105 2509 414 4902 4905
3835 4682 1243 3212 1619 2681 2142 804 749 907 2996
3835 2211 1243 966 363 3616 504 566 5329 5179 3418
1992 2211 3201 4913 2108 1615 4300 3420 1546 4575 4123
4770 2211 3853 1675 3749 2841 2536 412 4917 2116 4255
4770 4428 4956 1069 3749 196 1527 412 4917 3266 1891
5400 4745 4956 548 1014 3102 3642 412 5128 1363 3394
1753 1520 4956 548 1514 3396 3642 2704 4353 572 2285
4027 1520 4883 3022 4942 2831 377 1256 4772 3847 1508
2158 1241 843 267 1390 453 377 4240 4772 2112 767
64 2011 997 3808 1390 453 3478 2460 2784 3139 3414
4465 4862 3622 3808 239 4830 2145 4253 3730 1697 3390
291 2538 4945 1938 5229 446 2883 4253 1688 1697 1292
3794 184 1208 696 5229 446 3785 5488 4036 1331 587
65 4128 154 529 1367 3107 3785 1560 4036 4738 1227
1131 3306 154 4175 1367 3227 4817 4765 470 1612 895
1827 4377 2383 5484 1367 3227 4832 4787 1358 4609 2316
1827 3648 2848 3667 1920 2138 3990 4022 1588 3620 3053
4047 3648 172 78 1404 2074 5477 2869 4890 199 4934
4047 886 172 2718 4171 876 4892 26 4412 199 55
2176 4778 202 2718 552 876 3738 864 1306 3357 2159
3840 516 202 3076 779 624 2671 864 3264 4281 2867
527 516 1248 2423 5495 4127 602 4791 3264 3774 1022
3440 3403 2721 800 5495 2642 2544 1036 2862 3052 5338
3011 5332 2721 800 136 1959 4387 1036 4559 1870 1528
2498 1736 3362 1342 689 1959 4387 2934 5115 5341 4332
4454 4526 3362 3927 1314 139 4531 1113 2667 3551 4288
949 4526 4872 3489 1314 3467 1245 537 783 2477 2434
4333 3218 4872 3489 227 1337 2935 5153 5391 4227 5457
1722 3791 3897 1399 420 1337 3792 1847 4462 2768 3943
692 3791 5395 4646 3842 4777 3792 3089 3406 263 4274
3550 3220 44 4633 401 1579 2016 5284 5120 1751 295
4096 3246 1 5132 4181 2916 4289 1417 844 3650 5019
4043 4416 5085 4991 385 2107 5062 3880 771 1469 788
4043 4486 833 4724 4322 3019 5062 1554 4988 2955 791
2305 4573 2449 4724 367 2466 1871 4474 2315 4536 3245
2684 4573 1631 4209 1735 2557 1871 5230 4100 936 2712
103 3821 1631 2850 1735 2557 1871 4603 3643 1001 3277
103 3821 417 2607 3115 543 2061 3926 5325 3587 3876
1784 1299 1169 3664 4601 392 3268 2884 3603 3735 4298
1772 1299 1169 389 343 392 4950 3655 4265 3661 4662
84 1299 252 3532 2533 2169 2218 1732 3496 3409 2851
1552 74 4239 3532 3632 2169 2218 2381 2855 1604 1567
939 1951 3341 3000 2012 4440 5079 5065 3624 3080 3237
4584 1810 2728 3855 1592 4604 4502 5065 3308 3588 3237
4969 1810 2845 5367 1728 4604 3777 4139 2040 2792 1242
1957 2963 2845 4188 1728 4672 3777 4139 2212 436 2433
3206 2963 2258 3181 5487 2984 2378 716 1906 3746 514
1343 2645 4468 3070 2071 5242 1351 4458 394 5432 1945
1343 3611 2415 4044 92 3095 5231 3924 438 2609 1332
5500 3611 4263 4850 2240 4638 3232 3924 1809 5198 3726
5500 1198 4263 5034 2796 4638 3901 648 2575 5198 3474
584 3043 1202 3216 3979 2523 3901 3310 5073 829 4028
238 3043 4926 839 5413 3630 4579 3731 1748 829 5050
1969 3500 1438 1865 3515 2022 5126 1006 1748 60 5022
2943 2806 3755 4645 883 2601 5126 5482 4497 1948 824
3809 2806 3755 3097 2303 2601 204 2089 1468 3875 2926
4161 1904 1511 1800 690 322 1682 2294 296 4958 301
4161 1904 4067 1686 2312 322 4475 272 1571 3795 2129
4161 4185 3722 4980 1359 697 2763 5190 4357 3325 3862
1472 2363 4371 380 2333 2201 4624 5013 2765 1908 1857
1472 4068 4215 380 2333 3626 4624 5013 3431 1463 4527
2283 2156 3903 5357 319 94 2069 3623 3352 1463 1760
3290 2156 4994 3305 3817 4539 3545 4613 3075 1463 1012
3290 24 732 3305 3981 5348 3307 5426 2367 909 2800
4683 24 732 4356 3981 1201 3307 4513 4143 2562 4571
1731 3184 3771 3472 1010 2388 672 5299 3697 4594 4473
3902 3946 116 2331 3829 3231 1536 607 3697 282 4217
383 3946 1298 2331 2654 579 1536 607 5443 1484 3820
2999 1830 676 515 4409 5068 3857 5245 5323 1057 5021
2999 1830 2617 4483 4409 5068 326 4063 5323 1057 1045
3180 2619 4751 978 1075 2500 1142 4032 1172 737 5270
3180 2619 4589 1054 4812 2500 2073 2761 1312 4720 4636
5458 3229 4589 1054 1274 1684 4144 426 2301 259 4805
4382 1094 4589 2361 1274 1048 5463 3984 3386 1139 1695
2646 1094 3653 357 4888 473 130 3854 1060 3947 2823
2646 5234 51 2447 2917 242 4946 3854 3658 1913 4756
3274 2501 2407 4718 2701 2219 2038 3872 1964 440 2010
1434 2501 2407 2458 847 81 4806 208 4169 568 3909
3309 4748 1294 2458 4653 2457 2208 360 4177 27 5177
2365 4727 1294 1352 269 2829 2713 727 4464 941 2909
3437 4660 1294 4198 269 1504 5048 3331 1454 1836 5415
1453 1451 1103 407 269 3002 1937 3552 469 1704 4824
1910 4302 4355 4426 269 4317 175 4149 3662 3387 3141
1910 964 487 5497 4967 1190 4782 3982 3922 709 1224
659 964 487 1625 938 4472 4782 2133 4941 856 1927
680 4126 3056 3678 5389 4304 2059 2571 483 856 3788
1127 569 3056 3410 2319 3637 3994 2007 1470 1585 4709
1726 940 1416 437 2054 4702 3994 647 5261 1782 5203
1936 940 549 1193 1488 4702 2526 647 4835 731 3081
3596 2982 2555 2613 449 1237 3495 3108 3388 4769 3051
3596 3529 1841 4938 4146 1237 3510 4821 5423 3121 986
3798 1398 4391 1481 5080 1237 3042 4821 3353 223 3812
5043 156 5070 5012 1005 2152 1947 2062 3353 3484 4111
5043 1259 1146 3110 1005 4981 3711 2292 3864 3845 2200
4398 1873 4090 3110 3657 3539 5387 2292 4437 3775 3187
5136 4310 4814 1553 3657 3666 4024 1717 4176 4480 5345
340 3629 4814 1031 3657 5038 2584 2672 5344 1336 685
2146 4035 4814 3970 4402 4635 4 2467 987 256 3633
386 2446 830 3970 5189 3940 1347 5450 1285 5422 502
386 2446 830 1629 5189 5461 5317 4444 3485 3846 814
386 2446 3060 1535 5360 5461 2075 2141 3046 1548 3088
