1663 1283 942 462 668 1531 1259 614 1521 1639 290 1567 104 34 1459 133 1458 894 1374 312 589 948 1284 259 271 296 759 1216 675 560 1611 371 1389 1085 594 316 956 223 1063 763
280 624 942 113 668 888 1065 218 416 1297 1219 645 104 1450 1352 586 41 998 1374 1664 589 829 1284 467 1061 296 870 81 1213 266 304 694 1221 370 1602 1322 1530 595 692 204
272 624 1423 113 1607 888 1481 1614 416 1297 1551 934 1241 591 639 1011 41 429 1374 1664 178 792 1552 1040 913 478 213 1125 874 106 546 694 1023 1140 76 1120 1643 472 1285 231
1276 624 203 113 1659 455 114 1637 634 385 552 423 903 1331 506 1011 378 1246 1667 1502 21 923 1552 1141 644 478 210 1004 803 583 741 1598 1468 1592 458 1024 837 1309 20 42
1235 452 288 314 1659 946 202 1310 1575 1472 1457 1240 1382 1331 1160 1316 342 1035 1348 1502 1207 519 449 1112 785 553 1060 1651 770 374 896 115 451 1131 1485 1384 1375 611 1039 365
865 997 1350 314 1659 1532 935 1610 636 1472 67 1240 959 431 1319 1316 342 545 1043 685 1591 161 557 132 1111 553 1379 1633 123 446 736 1603 1274 587 51 154 1580 611 128 661
588 108 112 525 1244 1541 441 960 816 781 67 1198 959 1627 17 508 664 891 610 854 1591 1359 557 717 1111 643 404 1633 1296 10 1200 1603 1579 205 1494 89 463 788 914 1218
418 1656 1137 525 417 215 1625 960 1165 511 386 782 1248 1312 574 682 250 129 1230 1058 820 83 1548 817 1556 1231 1569 932 1413 322 943 447 834 1535 1494 187 1117 1372 1418 1396
1529 1655 39 1536 593 215 1625 999 464 511 386 782 1178 268 931 1445 984 97 648 1447 278 1361 1548 817 953 858 733 1439 1098 921 504 1510 1095 50 601 475 711 1339 853 263
957 1655 1134 1536 1370 1237 1154 1106 194 415 1363 782 1367 1421 185 1245 1549 97 748 1447 1273 1361 1365 1014 1010 858 359 1209 332 243 13 852 381 235 601 151 439 170 379 951
957 1655 1469 1436 1657 1432 246 599 194 1152 541 111 1367 1128 1577 1100 1549 97 437 613 1498 69 796 206 1561 1317 1533 1500 5 910 13 217 1512 605 1242 551 1136 1443 721 1504
248 1456 1469 1436 1657 596 166 60 127 1152 575 712 383 1128 521 620 1404 573 1518 613 1383 1584 727 145 1378 950 242 147 5 329 32 1357 399 1356 1416 1048 569 1113 107 282
1283 942 925 668 1657 660 614 978 1290 121 460 496 171 1128 133 995 254 963 786 1292 1268 1305 1574 293 31 1005 1092 1307 560 1261 897 911 47 251 1084 956 514 893 1653 1343
