20232 12230 15020 18743 1081 20931 22369 15815 7492 4455 24491 15475 8371 874 11816 25588 13663 4860 20286 22778 18766 2415 10854 27158 9670 26532 20049 1879
17428 19331 11589 16247 3265 23809 9412 11855 7492 19097 24491 3604 164 10534 11816 4968 14967 12833 21660 3553 17550 8291 4553 21068 22874 24015 10157 23495
4155 19331 11589 20114 3265 13115 27002 11982 13609 13333 24491 8562 2275 20958 22959 9672 17161 18918 7806 11540 25031 21525 15664 26336 330 2426 22020 13225
4155 19331 14343 10511 7678 8073 18086 11982 21692 13521 11243 7080 6833 14195 17581 7230 17161 18918 18804 13753 6806 14466 2852 9937 4199 8459 26881 18082
26994 18719 26859 9682 13634 6924 15656 1969 18142 13521 15081 12862 12367 10317 12578 8259 11564 6536 3296 1095 10935 474 4100 19520 9777 1900 18170 17636
6484 384 8134 17807 4890 6924 10343 23352 18142 6003 25835 13280 10276 8262 9331 5843 11564 21190 16889 4589 14158 990 2035 17867 9777 6728 10542 850
6484 384 6613 17807 2099 6924 23842 11708 25115 26562 25146 6122 6291 8262 9331 18047 25206 24912 16889 5227 26488 5410 8892 23096 12700 3936 13736 24029
3856 384 18102 17807 26860 7197 20412 8807 9924 17309 10231 27366 234 17791 10404 3840 25430 18549 22530 14412 2050 5410 5861 15542 2036 11639 3826 18164
3856 7542 12123 7646 26860 11325 20412 11161 9447 4208 10231 27366 234 23614 7987 3840 22566 17231 14582 2648 2050 26159 21691 4904 16211 8777 14952 24448
6297 24386 8345 8947 20354 16040 11836 11161 12116 4208 14700 26048 234 16831 25082 21211 9954 17254 14582 355 2419 476 4741 20085 6937 6659 12215 2111
23998 18763 8345 8947 12479 16040 9869 11161 25804 21865 26088 19361 18336 7994 22570 10713 27479 2252 5476 24990 7548 14624 19193 20085 6937 4207 14235 10192
22610 2930 20934 20452 12479 26569 20921 13303 64 25341 2526 6894 23091 10096 21763 25092 17919 11307 26789 1322 10569 19436 23975 8095 17954 10601 21947 4714
21836 14653 20934 20452 20879 23487 21644 25371 2636 14380 13516 21058 3783 7629 26107 24700 12183 11307 405 1322 10569 13769 25902 6642 23452 18196 11643 749
21836 21573 15500 16021 4118 23487 6246 8929 2636 9643 13516 27125 5559 23992 11337 24700 2368 22420 10610 2211 2090 9803 21736 23665 4855 18196 20454 10826
15103 9070 25161 26017 26241 12956 6246 21416 9700 25186 10048 735 9620 23992 19524 2113 24641 25668 10610 15658 2090 24446 5158 10020 9052 24064 21288 14609
15765 6769 997 3194 24251 12956 6246 21416 26661 25186 10048 735 9620 10951 19524 1655 227 23278 20222 15663 15846 24446 5158 25674 23741 22855 23467 10207
15765 1547 14884 8443 9686 17605 16812 19882 4554 3393 16827 16726 9620 768 19524 8597 23820 23278 13412 13045 15017 24446 1233 14956 19561 24414 16910 3078
15765 1547 27488 8443 7053 20504 23680 19882 18630 11354 20269 15674 11985 17359 20541 17305 23377 17934 13412 8737 15017 1438 3795 19161 22017 13579 13399 6624
25620 14626 4722 20272 17912 20504 6957 8653 951 13813 20269 15674 299 7400 16512 19340 23377 10784 6840 2783 2926 1438 6612 15935 26625 19273 8628 18643
25620 483 12232 20272 10367 626 6957 20889 9388 25256 20269 22968 14953 4886 3819 11138 14788 19890 6840 18695 19858 23114 1132 21979 19695 11171 10156 23964
17823 765 2160 18906 3907 22706 6957 784 10154 9881 25899 25715 21129 23646 2556 21773 9541 16352 5784 23873 1859 26738 5007 15358 22454 8082 12464 12217
17823 15149 25293 14245 26540 14248 13376 9029 5169 13840 25899 25715 868 16345 2556 17266 23232 16352 11345 22216 10787 19416 17554 16323 22678 13905 21454 26354
9274 13714 25293 23187 26385 26360 13376 23269 10348 376 25899 16916 50 4824 12657 11837 20009 10402 2120 10024 15840 4315 17554 17986 3232 17347 27450 1780
19421 24212 14562 276 10637 26360 6450 23269 23420 376 4984 22048 22082 4824 12657 12988 2256 5095 23032 12744 7732 26817 18608 10973 16633 6858 8572 4292
2291 11436 20347 23755 26140 3624 22574 21505 7903 17088 10992 27290 10779 5376 27150 17944 25506 7396 1565 718 19907 26817 11175 27061 17815 23399 16672 9010
2291 18690 2791 20244 6322 4807 25268 24170 7903 17088 3929 27290 16266 5376 27165 26571 26370 18905 22026 718 19907 12748 23026 24193 9360 17721 7884 3834
1364 18690 12211 9837 1375 21629 19662 22470 25156 17088 5248 27290 9290 23832 20976 24751 1113 15611 18555 8990 12999 3262 11300 3696 9092 19586 4703 4705
1364 14164 12211 26422 2963 21629 26405 10473 19865 21676 5248 12730 2289 23050 20832 16566 16887 4909 12764 6196 10769 14300 16821 14266 10261 19586 26790 12397
1074 23634 12211 23864 20636 4414 15651 2638 19865 12371 6589 12730 19147 19405 26184 25285 2056 15305 13335 1243 10769 13400 25886 21648 12379 27435 23106 23537
18319 23634 21116 6084 20636 4414 15651 23468 1115 12371 19831 947 12634 21522 14256 8492 2056 22465 6399 15316 10769 25866 25612 18327 12603 4087 13275 156
18319 12335 21116 18855 25888 27089 20042 25083 1115 20690 4720 18492 21943 7755 14256 8492 16267 8613 24334 14249 23567 26686 20432 18712 14329 17078 7493 18495
8645 5862 21116 1410 25888 15612 20042 23174 202 4900 18794 1994 18376 23247 12342 13026 8718 13589 21079 14249 21831 25819 15045 3311 22747 20896 12803 24764
8368 8239 11692 1410 25888 4303 18311 23174 5942 6349 14511 24285 4141 18722 10089 13026 5771 17894 18433 23448 921 12793 24028 1488 10503 11224 2622 5839
14762 8239 3070 4273 25394 10843 18311 6420 4746 25650 10379 1039 25407 540 10089 14426 20495 17894 7151 26358 2324 2591 24 9857 9494 8950 8783 1295
5238 7462 25606 16301 10848 9462 18228 20699 12997 25650 13883 19473 3955 1614 16991 23272 24530 41 17566 26052 10855 19633 15560 19505 23757 24461 3661 23979
2487 13100 12114 16301 14701 9462 10662 20699 6374 16430 10632 19473 3181 12929 26601 11355 5596 41 9367 13052 12882 13662 15560 14716 8812 13168 3235 2273
2487 20521 12114 10651 8818 9307 22731 14737 6374 2408 20306 7441 19382 12656 18003 14371 26263 24361 11759 26651 12882 16720 7348 5728 20950 16921 27122 6479
3077 4608 4479 10651 25818 3956 23916 6821 7647 17248 23361 12677 19382 12656 3455 4283 26263 14867 12493 24867 7972 16720 19517 22854 9848 13462 8453 18417
3869 12227 4479 3394 19859 14925 9681 7064 786 22457 5186 9042 16391 8365 13351 21111 18020 9231 15064 27496 26955 11090 13226 12012 23895 27191 13764 6592
8768 25722 21694 15564 5419 14925 25833 5829 786 14899 9895 9717 15984 26193 13351 7853 23851 4402 13409 13915 10029 23132 22503 15999 16442 3888 11454 4898
17937 10851 21308 10987 20532 20564 25833 23615 23965 14899 11501 18880 15984 20765 12644 21745 2865 11419 13409 18069 18697 5260 23499 14438 8550 4210 13060 23479
9554 10149 26410 10987 12887 8255 27525 11767 14714 14899 3588 2274 24917 2070 26461 10206 26654 10104 27205 22360 16046 14286 6185 9263 15716 22029 15752 26142
12373 12251 9475 14484 17427 4597 18662 9022 25450 26378 3588 2751 24917 22411 25617 15824 14275 4754 15107 12579 16046 7447 15748 21222 26479 13737 20551 25814
26208 24528 2186 14484 12669 23945 27211 23993 16934 4865 2326 18277 25828 9565 6560 11102 224 15036 2830 2819 21885 3449 15748 15769 6232 14872 10882 25249
5971 4851 2186 23636 15053 3772 24499 3024 16934 4865 2326 17688 1553 18617 1257 2511 26383 3655 2016 2819 12129 1631 12814 715 5761 17615 11673 16392
297 2463 2642 23636 15053 3772 19685 654 25361 21843 2326 25216 656 22617 17669 20639 6770 19207 18977 18749 8377 6216 20530 12206 15598 20145 5720 15841
11170 17090 7573 7881 1050 1426 15297 20869 25361 7359 11075 20435 656 8563 18202 894 18031 901 22955 13103 19822 13660 6499 104 17167 23911 7988 1698
14239 14439 7573 8810 1050 1684 18830 17635 25419 12245 11075 14520 2328 13244 20880 19368 18031 10740 25288 14284 572 3325 21607 13773 2772 3472 4781 25838
21342 13407 14836 10293 18357 12386 22999 12127 16466 22501 281 22154 2328 24221 2168 10969 3103 10740 25288 24587 9625 10648 14743 1318 20112 18174 4604 26826
21342 13407 2676 10293 18357 988 22674 5261 10528 22501 281 25284 16461 17626 25898 26043 3103 10250 16863 23700 9625 10648 26838 9324 6701 16241 27059 24996
24556 948 2676 21321 9602 988 14400 25751 10528 16544 117 25284 27163 23205 18667 26189 22598 21930 15697 23700 17056 10642 21364 25237 14237 4555 5424 26465
23694 25782 9270 21321 12856 9632 9019 25751 25412 22446 11481 25729 8631 7459 11534 26189 8125 26757 2436 25224 3587 12766 21364 4225 7579 27327 6439 23691
17029 5075 16813 15346 373 9632 7684 24715 13184 12445 21241 25729 17951 1061 9663 13116 6170 13167 1269 25030 7257 18710 6348 21650 16310 16693 17864 5883
17331 5075 26499 15346 13263 10664 123 22399 3914 12445 24802 6996 20359 1061 9663 13990 4945 25897 10715 19442 5181 18710 10551 24375 11750 20426 1568 13513
11627 1234 18307 16183 19011 19254 27142 9316 3914 18306 19143 12920 4605 10861 26635 19447 26544 6565 1673 10262 20088 23798 23568 17949 1612 26715 6080 273
11627 2733 19739 15435 12365 15978 18614 9316 16752 1112 19228 22732 4605 7796 2441 19447 21420 2619 18651 20709 5603 8183 15317 13916 9770 1425 24395 24138
11627 2733 16591 3612 12277 18154 10786 10074 16752 4500 11593 20002 11476 24343 751 24695 24839 24084 13712 20709 5603 1028 18573 20291 5580 8372 16669 10533
19319 14871 24087 11615 8379 4595 10786 14415 3548 14462 4154 3017 20886 14586 11689 24695 3400 7925 15803 8213 5603 1028 16146 14595 23881 8107 25917 24165
20741 25514 10860 11615 26983 13481 25034 16162 17921 14462 1352 19846 3988 14586 18850 2405 21121 2995 13845 12488 10792 9771 13065 12589 849 17503 25917 11576
18180 20527 10860 4619 18562 7649 26670 16162 23212 9948 9210 4004 25855 24986 814 17803 21121 12690 13325 1103 6683 19759 9603 15370 8267 13384 26808 9426
26417 20527 23291 8656 18562 8325 26670 2280 18818 9948 8041 4004 23843 7676 5303 19163 12348 18901 3489 12075 11990 1026 2674 21015 8276 11242 12218 4375
26417 10883 23291 1902 6601 11907 12106 8219 17693 9948 2523 11799 4487 14773 8407 13743 23265 14325 14026 16785 13807 1833 25422 5041 14649 358 5384 7273
4039 10883 12908 25054 3844 11907 12106 17591 17693 17199 25977 11799 16736 26947 19218 24340 23265 391 27019 2593 18920 25879 16822 5041 15532 8218 4122 2303
4039 10965 5992 4067 3844 24103 12106 9853 17693 17199 4187 19169 25238 16737 19218 9047 9437 19370 14428 2593 2976 21973 4711 15718 1919 2697 5796 21809
1002 17651 17067 4067 24012 17265 21124 18350 22185 6345 4187 12023 23263 19752 16078 9047 9437 19370 23786 26668 7038 11074 4711 10639 14550 16976 9568 26247
1002 5872 22660 9466 23021 5612 7226 16722 6388 16265 22958 25959 4910 27067 22341 25026 5500 14927 10428 26668 7038 26267 12042 8872 5332 13150 23744 18354
13352 16705 16395 22856 25986 818 12836 16722 22247 6320 22958 6521 14320 16665 2350 458 27091 15438 4914 16480 18088 22962 26037 8872 24505 20671 18891 10109
18099 3507 13046 22856 3207 3492 5725 3565 24116 5575 19055 17748 14320 10435 25558 22119 17120 4403 20779 12504 18088 22422 26934 9216 15308 10485 6475 17193
24651 19945 4647 14998 3207 8265 3241 2571 24116 12107 336 27256 14507 19995 9059 15899 11146 19567 19085 2202 18342 2073 19398 11000 27235 22459 8487 26919
16965 27453 24458 14998 23596 11088 3241 21419 22601 5815 336 15076 14507 15670 9059 15899 11553 20761 19085 1633 23436 2073 23545 1653 20503 22459 12032 9762
20254 12156 24458 16417 5242 5748 23074 7843 18782 25906 12082 12538 14305 15670 17594 7287 26949 25873 3515 22688 23436 14975 17930 26033 19910 9945 26092 4938
20254 12156 3613 10641 14011 4448 23074 9423 2937 19587 6081 9032 10856 25202 4215 13222 10979 25876 9082 972 23436 2643 2196 16797 25225 15922 17187 14437
10906 11508 14832 7715 10991 18631 26937 9423 2937 17726 5339 10010 7670 12210 4215 7920 25978 5343 20181 16234 25914 11762 16560 17767 19311 19250 7326 8960
10906 26296 11622 25881 10991 26357 22393 15248 22680 23740 16354 1069 17885 4163 5147 10582 8249 14757 7204 19194 15264 24364 25287 20109 26030 13041 17844 16971
10906 331 21429 22405 15416 14641 22393 15248 22680 21740 11632 22531 17066 10950 5147 6595 25240 14757 7204 11458 6587 21788 9018 5758 5778 6627 13828 19560
1647 331 21429 26875 15416 22347 22393 23058 1117 21740 2550 23393 21317 24479 3479 23628 11311 23836 25241 19230 5241 9259 8472 19430 3799 21186 21966 13008
3233 331 3222 26875 13095 13230 9882 2949 14334 21740 24497 23393 1759 19153 7169 20408 25550 12528 9652 6960 22059 18823 18192 3754 26440 21186 24509 3544
7281 15405 3222 13296 23695 5964 9882 8637 14334 17927 24023 20333 10937 19153 23062 14197 19808 7608 13940 11488 9384 9737 8764 19954 5582 13088 24005 26121
7281 1904 3222 9104 23695 16739 21385 8637 16338 22914 24023 20333 9860 2678 26533 22565 25020 49 24667 15407 19057 8983 24911 10097 4349 190 6445 1907
26555 5498 4471 21360 22394 13604 21385 25170 16338 2552 1165 5383 14159 2678 18780 22565 3487 19986 8133 8938 8962 3873 20304 8817 23120 3877 6445 25347
2309 6945 11278 24819 22394 2380 26595 26251 4400 4681 26057 18262 17242 11349 1404 13683 26525 10916 15119 6451 5133 3873 9969 20144 2807 18348 23383 2843
2309 15240 11891 26895 25763 2380 26595 16175 14004 13092 26057 24476 12423 24856 10443 13683 18230 15282 25535 22742 16090 10337 6505 7982 16094 12773 526 5091
15198 15101 7220 8593 13112 7124 17976 22510 11903 5521 351 24476 12423 2745 2870 6133 10839 15282 25680 18761 14858 7791 17552 6714 4083 13901 20074 1640
3010 3645 25754 8593 936 20854 10385 15847 12415 6323 8944 2684 3441 2745 10888 23040 21089 8665 3096 18761 11084 9702 17552 14660 8044 19653 17099 6053
8897 13602 4421 19191 27390 20854 11329 15847 22188 26119 9540 19984 3441 2740 5094 23040 25895 12389 15661 11827 16109 9702 2044 14156 27063 26546 241 8444
8897 13745 15927 15857 9947 26547 11329 15847 22188 393 11122 19984 3441 22777 23299 4501 25160 12389 10197 18521 16109 14063 17092 21365 4577 10798 2759 23332
16949 13745 15927 26197 27247 18399 17710 9347 13286 5284 11122 24721 3441 879 15230 18163 16998 12389 17805 7107 11953 3569 5896 11686 5633 18283 1441 14874
17832 23880 26924 11526 1852 18399 13080 4640 20785 20573 24699 14732 3385 14670 27337 5215 6537 1864 3164 15607 18107 20505 3773 2131 15027 4288 5974 26811
24762 2710 25217 10327 11994 18441 4894 4640 14036 7551 20683 7886 1590 8869 7836 24421 20600 9147 3164 16140 23061 4173 21647 14306 26396 277 18759 664
13794 2372 25217 8657 22033 26505 19543 18124 25390 3001 7217 16451 27440 18296 24949 24421 13687 9147 23907 22273 7574 411 25401 26494 16404 27517 11136 10653
13794 2372 21253 12989 19462 13914 19543 18124 19881 18280 22624 15801 13569 20174 25231 153 7980 27057 23907 22818 17698 26170 15529 26494 5905 12005 15586 22940
17632 24157 15688 9901 23750 7833 17010 18124 18578 18280 24273 15801 14761 4973 3566 649 14620 18442 20029 9415 9515 9278 15529 10725 12754 25586 24803 13378
17521 24157 20020 7274 5850 10256 20326 18124 26772 17310 24273 18288 16551 26144 8181 649 13017 16254 20115 26503 16875 9827 3542 2315 3055 14610 5510 13378
10680 639 20020 14818 275 10256 11649 18124 14277 16766 16325 18288 7260 12018 20812 13227 24206 16254 19088 2022 21220 23378 834 17227 16045 18726 25466 19317
14010 639 18161 19189 19554 623 21034 4721 3657 24766 1808 14995 11124 21331 20812 15807 2770 14842 9492 9195 4952 19330 13590 25137 24215 19933 20610 11763
20962 10618 6339 9288 15595 4614 15307 16322 23123 20266 6098 15746 3830 44 20812 10898 14965 8824 14047 16474 20331 20995 20684 25137 2265 25119 9501 14617
20962 4162 11909 9288 15595 22757 15307 16322 18842 20266 6236 3258 19844 19569 12698 21542 10877 23611 19383 23005 23859 21456 9750 25137 12052 25732 17570 3707
20855 15285 8251 23109 9171 19892 17495 23858 18842 20509 7379 1915 19844 19569 13686 20826 13744 12626 23674 23005 10605 19809 9750 26664 10562 12400 11085 19810
9995 22782 25934 19077 9171 9100 20494 14227 9481 90 4044 6729 8104 19569 20848 6341 9589 13954 22881 16320 6965 3155 7289 19835 3599 12400 2727 23342
24368 25734 11406 2657 10338 9100 20494 22846 675 1432 4044 26206 8104 18501 2998 16555 19310 13954 20656 17755 20448 4423 16224 2047 23424 10628 15568 15933
262 25734 24688 9609 14974 13281 12717 20170 675 1341 21138 25930 17631 10676 6498 22700 21653 26616 11471 21112 6466 19424 16224 8381 10422 2241 11470 26770
18742 13477 3782 9609 23234 10766 8742 20170 11956 1744 24543 10022 11875 7825 8461 22700 21653 1213 15492 2117 16421 32 20932 9149 18677 2241 23447 26506
26798 26035 23834 16397 26496 14738 7803 20170 17524 9006 22889 94 5753 7825 8461 12452 1665 20493 22489 14 14207 13390 25869 19580 1648 4063 12141 9031
9266 3200 23834 4445 1792 4764 7803 24160 17524 9006 22521 94 19134 20463 10374 11151 2891 8512 7305 14 4873 6118 1166 27130 19936 10939 24633 26748
20753 14233 23834 15869 2439 11370 27396 24160 17524 8959 3051 17346 19134 15333 17081 27387 24061 9472 19849 9145 22137 26199 24158 17997 14283 6995 7804 15979
20753 22071 3846 9113 15975 1769 24316 2709 11112 7682 9244 26873 9673 26999 16513 8414 4165 12759 16139 2538 26362 16302 2302 20637 5747 5449 24794 3273
9248 17126 7968 4383 15975 13994 6774 2251 11112 12484 9244 26873 19562 15417 4775 14960 11286 25942 16139 27013 22800 22260 13624 26345 18475 22948 1893 11135
9248 17126 18798 12537 16790 8891 5182 27448 16118 8893 23373 27378 19562 15417 15098 5240 27248 11261 13550 19791 22800 22260 13624 9364 20480 17212 4204 20519
13206 24658 26470 7300 12821 10103 10923 21022 10434 6300 22578 3279 13974 15417 18554 18301 13767 6168 13550 25428 19542 26531 26874 16255 27031 10728 16833 12947
11980 19408 7135 11821 21941 10103 9280 21022 21227 8659 22578 7421 20718 18966 11250 6835 12027 2293 15260 9537 5222 27245 26874 11047 27463 18849 75 27023
11980 14103 17676 6231 5670 26749 2421 6035 21227 14205 13099 14634 9255 12962 389 19406 26576 2293 13872 2217 1306 6346 18939 9775 3516 155 5983 9539
11980 8180 23756 7033 5670 5187 2421 2666 5163 19909 728 680 21659 5316 7893 19406 22184 21188 26418 24192 27308 26723 1319 9775 13322 20538 7963 20259
15597 8180 23756 6141 5670 24070 20024 6459 5163 6766 18189 680 11872 4708 19286 26804 27115 2173 14648 22779 27308 26723 10323 23401 19130 15758 11472 3854
20558 19040 895 5800 23666 24070 20024 6459 2124 7319 11362 21319 11872 4708 27053 4477 206 3015 14648 27523 25717 23821 3031 7817 11533 6407 17500 6953
19149 8536 3075 26554 23666 4185 5270 6459 24686 25605 13323 21197 11316 15402 27053 17685 206 16469 3619 4908 16329 21109 14671 7708 10600 1602 2475 13722
6222 3488 10078 26554 1013 4185 5270 4531 9518 1200 5639 21197 10772 2624 19727 22714 10345 19127 9727 25638 5309 7515 17378 25070 8094 24943 16149 23440
19897 21334 25642 13490 966 7565 26943 19589 24362 5594 1246 15855 18518 762 22152 20739 11814 16283 8359 20121 21946 12020 4134 21277 14513 20651 21959 6817
9061 21334 16942 6984 20936 25252 12869 15443 13951 22982 1246 15855 18518 3685 22786 12641 3068 14128 6988 20121 3728 2258 24902 27423 5810 3561 18841 4780
21933 8148 20043 21639 20936 25252 11234 15443 13951 2059 16528 20484 24552 15284 11298 13208 23261 25144 2481 8624 16689 13936 23971 27143 21498 18931 18523 4047
21933 2460 26453 21677 18976 3452 24088 1196 18355 2059 2491 19186 24552 15284 18320 8246 23261 25892 12765 26780 131 14715 27170 1392 18144 14873 23444 2300
26539 5570 26453 4345 18657 14883 27375 19600 15689 7370 16121 19186 11333 10949 18320 8246 26865 25892 11017 9055 19313 4960 19955 8419 3723 18626 17143 11387
19832 24861 26453 6244 18657 16789 27375 19600 23355 7370 25546 23097 14664 23390 24403 26390 13152 15707 11052 15854 19313 4960 3989 24791 14625 16662 11878 13160
19832 24861 21074 6244 20748 16883 27375 22089 23355 22382 26169 7606 14664 7932 12886 26596 13152 15707 2582 15491 18609 9572 22935 9738 13903 527 26836 17972
22073 22008 1936 7510 3133 16883 19926 22989 14631 16028 26604 7606 5389 7688 26175 11939 689 10874 19792 4151 22177 9572 7892 14491 11196 527 12163 15245
22073 22008 1936 523 3248 13632 19926 7320 25905 27418 13668 6649 25260 14411 7125 2145 689 19794 11722 4151 22435 9572 752 27050 17914 319 12163 5602
22073 9342 9200 9439 3248 13601 7800 7029 4294 27418 8268 23453 25260 26644 14687 9416 1191 5875 19112 26040 14588 21255 2027 8231 25607 9963 4406 807
12344 9202 7088 6707 24964 24277 14051 16702 7735 12724 9377 11954 25260 26644 12306 16051 21955 5924 8771 26040 14588 8746 11109 13067 7269 15851 3961 11181
11499 9202 7088 6707 24964 18226 21323 16165 7735 20462 16682 242 25260 16343 12306 10962 25599 18109 14833 19639 9273 18466 635 7424 17656 8012 19621 24283
11499 18836 24091 22591 24964 18226 21323 16165 24484 24810 18002 2634 25260 8464 24888 10962 26118 3660 16307 22359 9273 10747 635 426 20943 1768 24578 20775
11187 18836 24091 13194 8655 18226 21323 22934 27060 21561 16940 19874 10335 4201 23344 9862 26118 13369 16114 13483 2735 25222 4104 13565 15174 21434 15724 10413
11187 16369 23218 4953 13982 10684 23877 22934 24388 8826 12044 13505 9662 4201 11417 8001 19183 7794 3304 24955 27441 25222 2367 10334 22718 10558 23910 5207
11060 24133 12016 18156 17122 20740 11426 7213 26971 10604 20758 23765 10447 4201 3225 8176 9091 26012 23409 19483 26733 7238 9044 2088 15021 24148 15852 20309
11060 2778 12016 7514 22391 20660 11426 1088 26971 10604 20758 21605 2687 4201 8998 8176 8945 25392 18679 15193 18127 10767 12942 11921 17958 16884 12356 22304
25352 3274 19301 22939 5150 14020 19234 24052 26971 16516 20758 21605 15715 18557 17110 5718 4859 26914 18679 22425 5730 23220 6113 18828 15768 13691 13706 24121
20402 7667 8188 22939 5150 12555 19234 12047 25984 16516 26728 23774 16292 16023 26302 7436 16604 10377 23494 1497 21655 1105 11768 22991 12458 18868 1215 25922
3135 25493 24137 688 13541 26235 6306 12047 1675 1014 24109 18738 27114 16023 12964 21524 369 10377 29 1497 13751 5115 23669 22991 19123 7637 26933 15808
20100 25493 25534 688 11535 26235 26778 13811 15216 19693 21297 1650 27114 3177 16780 21699 18055 24328 11892 20248 2860 4842 23926 6049 4175 8829 14368 4999
20626 10368 7043 12599 13801 19957 26778 6864 10384 19693 4987 6887 16160 3177 2236 11378 18055 3702 13761 4436 2860 17992 17987 6893 25046 15294 20219 16484
16788 12017 24553 504 18839 19795 15013 9752 10384 3905 23762 14457 18108 8772 10331 11378 27068 18261 17177 4436 18896 25096 20940 25363 3876 12080 19324 8391
15016 18655 20344 504 26922 23281 15013 25738 6974 20923 736 3631 4634 4660 20372 7469 13566 13551 1537 4237 18896 10409 11885 24698 3399 12981 9332 9
26219 18655 8844 3756 26000 18234 6514 25738 6974 5010 736 7883 4634 16961 22406 1294 9424 5513 6223 4237 2064 10409 11887 23102 11874 25336 26612 3124
26219 17257 24665 24255 6183 1541 20389 25053 2034 15122 2164 10412 6853 16961 22406 1294 6811 12884 27466 3212 3063 10409 11887 7485 5757 6966 7078 25726
18641 10775 24665 26694 16503 26869 20389 9742 15772 15122 23335 25413 23652 21073 10733 10007 18292 21926 26794 22919 10342 22311 3484 6129 2579 12264 9292 11509
14727 10775 6963 26694 15444 21017 4000 17112 15772 5561 21270 1420 23652 21073 13882 20614 14772 4160 22746 23442 13783 21971 9206 12257 4150 200 11031 20086
14727 16741 9114 11550 20015 21017 13290 11778 11996 5561 21270 20909 16027 13264 2868 5064 4 25560 12478 18846 22186 20911 7262 25274 2437 21485 1722 2264
24346 16741 8580 4648 8363 27321 13290 25636 5282 10626 13877 26819 1500 20963 11834 12613 3954 21891 13353 4966 21551 1137 24198 1993 23381 20847 10661 15408
24346 19276 6706 4648 16714 21110 13290 1747 24163 10626 13877 18629 553 20513 1799 14921 3954 19274 18757 1735 4964 16663 16299 7349 17525 20847 18246 12895
17686 12490 6706 3581 17671 6599 13125 9740 9209 10626 8762 25199 14364 17172 3210 3984 12640 9783 26996 23039 298 23960 16299 15992 14621 11094 3022 7142
23473 12490 13818 4089 16695 20296 14905 2650 4615 22758 8762 2780 14364 404 25076 25827 12399 15012 26996 22683 6144 9445 19259 5776 10084 25597 16627 5956
5746 3392 13361 14608 15200 12049 6128 19913 15640 15684 26234 2780 14208 22122 19325 2197 16569 5009 9883 4196 10870 17648 8685 24913 26761 7802 25791 2129
26337 6089 6005 14608 6343 5975 6128 13216 21632 21562 23382 8008 12219 1803 25109 13576 5431 7741 12104 4594 21887 6355 2101 18540 26213 6149 22431 16130
17017 7490 6005 14608 15115 5975 16952 18858 21394 7878 23382 11037 27334 1663 6901 11947 5431 12685 15442 20607 11793 6219 11595 9381 25774 6668 6860 3810
4743 14386 7997 7412 15115 20437 16952 18858 15274 25490 23382 9168 15378 24081 10198 11947 21032 15910 12457 19446 10975 4356 19750 27035 12006 20320 4646 1400
18998 4617 16537 7412 15115 26355 13989 18858 13717 22992 356 9168 15378 16376 18050 5113 12133 15910 734 24392 22702 6962 6045 26015 21361 2299 24618 18585
24299 8560 17943 7412 13474 4846 18654 3023 4738 22830 16966 13558 15378 25615 691 22165 16911 8027 11581 4820 25983 5018 6045 208 9538 9944 17466 16651
6120 8560 13667 19962 24037 17908 18654 3023 18302 3733 22964 24951 3731 20212 8992 24322 15739 22233 17712 12216 4260 20407 11554 20421 12943 3085 13944 13135
2435 4022 8600 25036 23730 17908 3736 11856 18457 3733 10871 24951 11506 19387 8992 8387 25152 17732 9181 4170 16486 18863 16026 13514 5873 13724 14186 4316
22502 24629 26963 25036 10669 54 13732 11856 9559 8583 9089 8063 20490 19387 8488 19756 14748 17037 9181 7481 14966 8710 25834 17942 14135 19297 279 26579
259 24818 19267 9982 2374 24666 17131 21675 9559 24136 14134 31 20529 14893 16868 25330 10636 1774 17169 4551 6533 1414 2385 21728 7486 19278 19526 6153
17856 22000 19154 18251 25187 26553 7095 27149 26707 6023 14134 25190 16229 16396 1141 22114 25714 265 6932 9878 25397 19973 24657 9889 10516 1551 558 3562
17856 1664 19154 10347 25187 18066 7095 3375 26707 6023 24548 25190 18633 4694 10506 1574 7821 17793 13027 10892 25397 6228 23297 22725 20653 18369 18829 25259
7711 26067 4353 10347 25543 18066 21237 13209 27500 4350 11157 2395 10352 22100 8666 10981 2928 10424 13027 11888 25431 258 7345 14140 5406 18595 16984 25259
17484 5170 4353 21883 26034 14589 16700 9988 15414 14569 14194 7774 15767 8409 21095 25808 23940 10227 20991 12775 14688 11729 25229 26848 20938 23659 13218 21314
12974 5170 26870 11028 21003 9536 4338 9988 6130 17707 14194 7774 13493 22625 19692 18946 14498 10378 16456 4348 24415 23888 19101 24218 15162 8106 16101 24881
21967 1945 4331 173 24269 8223 4338 25339 16017 8910 15830 457 8622 24453 19480 24156 14498 3382 7983 13930 6888 26127 16666 19142 4840 2997 21520 3555
4584 6907 26721 16897 24269 10677 17016 2004 26229 12248 13823 457 9939 24453 19480 15302 14498 3382 2626 11825 23160 24785 16666 21780 17318 27469 2224 18173
23604 6907 13163 26183 17287 12659 26855 7475 5096 23752 10403 17139 9143 5946 9260 93 21534 13700 27183 25801 3192 19265 3396 8167 18406 22424 22556 12184
5948 5217 13163 26183 18693 12659 25780 3524 2721 15859 10403 5788 9143 7771 13533 2957 9498 13700 15579 15215 12925 15907 1706 23200 14006 16057 899 21665
11936 23586 23995 5253 18693 2627 983 3524 2721 18665 13009 4956 17850 7771 22628 2957 286 4062 15940 21213 13072 26610 6160 27473 15912 2221 23209 17749
625 14722 17773 18340 14590 2627 2609 6057 19132 6482 13009 8048 22540 16554 1250 6542 6983 20191 8289 23941 20813 5365 3909 25314 26678 10567 24053 830
15643 14722 23776 10689 12704 14495 25427 6221 8130 25344 20585 163 4099 14052 15000 26 6983 898 8289 6661 4472 12633 9330 3264 18687 15187 15479 23616
590 4006 400 2824 13253 15510 19028 15821 18430 19185 5251 163 19532 4285 10239 10945 22520 13023 1869 5554 18060 11945 17314 8116 13824 15223 12834 1656
25686 15887 3996 2824 13253 6330 17089 15821 20612 2057 9493 163 19532 1368 6299 12922 18599 14396 2473 1677 2967 15603 19584 9250 12637 20110 4330 2942
8018 24998 23445 21756 18520 17132 17089 2722 20612 2057 624 11177 26131 20341 3614 21833 18599 2318 11951 4214 2052 6312 312 17433 21730 506 22691 16586
24701 26679 14551 8360 14072 14166 17089 25039 8689 17415 16572 7016 2063 7820 18989 20045 11577 12270 9545 17865 18461 11371 25271 20041 19576 1536 22691 23433
25091 18179 22965 14002 5286 14166 2851 4040 14887 13900 5855 14066 2063 5651 3308 4379 24924 14025 4409 5370 13033 14267 18046 13291 13140 9815 3919 25988
793 18179 13488 16478 5286 18217 2851 6588 14887 19444 7894 1672 14060 19440 22294 24581 24924 7115 4409 21123 20760 22648 6365 446 2156 21593 8142 14299
793 2107 7248 14398 176 534 21299 6260 18515 17975 1755 1672 3659 26321 21191 24581 24924 26551 20856 1398 14093 2451 17468 5379 12737 22634 6188 19663
22557 2107 24141 18136 26792 5142 21299 6260 21882 6227 11185 18049 7397 25712 11658 25033 7967 26551 24882 7538 17920 2451 16710 709 11262 4053 20105 18439
8800 18013 24141 14632 418 11114 24462 2212 21882 26227 20137 18049 27094 11691 27471 9913 24580 13613 21158 12440 24231 385 875 26171 490 4053 7576 3732
8800 1194 606 14632 20666 22416 3149 25966 21882 11478 21932 19109 26065 7845 25350 9756 26145 16236 2409 17150 25120 681 18577 20159 6638 3071 15253 2531
8800 16677 13276 8691 14188 3056 3445 27326 21882 3641 25919 4661 6564 787 23605 6009 16133 16100 2409 17150 10997 5912 18577 25825 18106 17153 10646 2606
8800 16677 13276 14583 21886 26867 23639 27326 9772 2725 3708 4793 6564 488 24671 20678 16133 16547 4802 14749 25282 4874 6105 15702 908 5551 3781 14792
14084 16677 27339 3699 21886 26867 12544 621 2468 24993 3708 23823 26557 14218 9587 6992 18070 16547 23143 16729 10133 27157 23236 5688 8610 4269 25552 8706
14084 15299 15904 23591 16576 26805 12544 5695 11089 22969 3708 18469 19934 21862 17282 26483 20694 7454 9086 16729 10133 23380 6805 2403 1169 6776 21448 13043
16380 15299 12224 23591 18072 25675 26019 5695 27204 4267 20526 13803 15928 21862 15347 24195 24279 23224 19734 4234 23714 23380 4735 3957 8792 460 21448 22978
1809 21296 11583 3000 2362 25896 26019 5695 13424 2501 15918 13803 18737 12721 26331 9499 5957 24075 19734 24178 17403 6496 4715 12710 26872 21521 22789 20737
1809 21296 1810 24276 18528 5569 23454 12635 13424 4180 8186 14240 10396 3632 21539 26570 19428 18265 3208 8115 17403 26076 6884 10941 13387 18419 24708 7638
9390 15323 1810 24276 16218 20012 27039 4976 27009 20104 26529 24181 10396 21801 6715 21584 23830 18265 3208 23962 15062 9705 14892 17771 8806 10236 24239 14982
9390 15323 7784 7860 1592 2216 13943 4976 9027 12732 8732 24341 15073 982 19603 19296 15827 18126 7522 3293 9099 18284 14892 2433 21325 13741 11033 11599
15049 1913 7784 23505 15365 2216 13943 2577 9027 24676 17891 7258 21532 22605 5657 2148 7749 18126 7522 27501 16033 25689 21152 11663 3594 8356 19501 8190
15049 1913 24757 24750 2629 24573 13943 9977 9323 4653 5374 19668 16557 2444 10948 7440 13025 25172 5194 27501 21359 17434 8425 2936 3922 20882 7270 13183
20355 4120 24757 22065 2629 26556 21514 5529 9323 20919 9638 4610 18787 2444 8864 4670 15578 409 5194 27501 18315 2773 7572 16640 2305 20882 25218 18888
16403 5006 20314 17281 20289 26556 21755 10674 17763 19471 27446 26312 9083 23967 8864 15071 15578 4317 13274 17019 16994 2773 23322 10433 12126 17128 22981 16398
15224 4112 11376 22498 20289 26556 21755 6554 8528 3009 27446 11702 9083 21722 8864 15071 26592 7501 15233 6253 24366 5487 19026 3993 17402 18873 5783 6391
15224 24439 92 18479 20289 8009 21755 27487 14403 16670 19279 12154 22805 11498 10783 19570 17551 14997 15233 4819 24366 18698 3606 23204 26611 12628 23573 7660
19094 13552 8135 18479 22499 24200 11227 22306 2514 16670 19279 17644 22805 2316 10783 21413 25169 14997 8692 4819 9389 8331 15903 15911 12525 8270 14654 26466
19094 13552 1846 3682 10655 24200 22890 25529 20611 23446 20083 10592 16362 11210 22947 3395 8212 18411 3577 14682 459 15140 5089 12591 23025 8270 17096 4912
10353 4195 14222 21132 10655 17285 21726 9793 14050 4693 9574 10633 23128 4413 21393 5079 26166 18411 3577 20093 8816 12191 24442 7062 27397 15455 11460 6662
8989 5086 6947 23978 15373 7783 7372 89 2991 3196 9932 18979 11897 9287 21393 26893 8364 13332 24150 20093 8616 16783 26585 22670 10590 10777 11460 1005
17159 15118 6947 21974 7890 7783 7372 7588 2991 27344 4590 3704 5044 16690 19482 1193 18298 14076 19686 6749 11092 11484 26585 20621 19627 4948 23008 18993
17159 15118 23460 7949 7890 7783 6885 18997 7873 14538 3640 4907 6311 10863 1848 23682 20692 14076 21170 14185 8928 11119 23582 6522 21861 27365 13056 11198
26147 21623 23947 9491 12740 10698 17618 24472 3044 16834 18724 13757 26165 10134 21374 23082 25306 8866 26270 22210 13499 11119 23582 14744 19902 27352 189 11860
26147 21623 23947 9139 12740 119 17618 12787 3044 20134 16862 13212 3949 1186 2644 14989 24259 8500 26270 26829 7210 22735 20613 8832 8128 4828 16873 20208
19045 5347 1502 6754 16732 8277 12176 10280 11527 3386 11968 23395 14515 23723 10804 414 21415 8766 19961 9102 382 22735 20216 9957 22337 4828 26202 9955
8397 11617 18385 23867 7061 23275 12176 18383 8019 3386 5393 9746 16411 5919 10804 414 23071 26521 19961 16893 8308 71 6205 24147 19493 267 21998 8728
14718 22924 18385 25057 17239 16193 12176 12990 25258 22400 5393 13219 5937 13148 1192 414 23111 25315 16656 9315 8155 21102 3687 24147 12975 13217 4544 13564
14718 3866 4596 25057 4534 2472 16514 26369 21174 21761 5393 14179 6058 14431 2744 8523 21016 25315 13723 27282 27073 24880 3687 9008 21145 22930 18128 16962
3784 3866 710 25810 4534 13191 23839 24248 23221 17826 21499 14179 25504 12309 2744 22851 21016 8206 2250 6608 27073 1942 2628 20722 10602 8462 3556 22682
22543 3866 27156 25810 4407 19243 27108 10497 23221 10222 21499 14219 324 17879 7366 17414 11023 13895 22828 2083 27073 5180 9054 26886 17496 27273 25797 20902
6897 13102 26230 20575 17083 3573 27108 7106 20151 26613 24418 26608 18258 26691 25593 12132 26349 5455 15849 5904 12378 5180 2899 24559 3985 7928 24637 16382
26103 9629 21187 20575 5565 25313 24190 19461 1357 24976 24418 15971 26586 24079 302 22730 3453 13265 954 27470 12378 7316 2899 22836 10954 7891 6103 3334
26103 9629 23423 13643 12273 16938 27152 19461 1394 3649 26589 26341 20846 5646 19468 17209 18105 15242 7852 13981 12627 23321 9328 20154 4441 8071 10272 10762
477 17610 23423 1129 5976 16938 27152 3397 27482 6067 20604 17993 25213 5069 19468 10552 17851 3770 24411 4723 12627 23321 17228 3751 21337 8740 21768 26781
23580 17610 15973 1129 9834 15009 7658 25885 27482 26430 27192 19966 5214 285 23019 6097 15693 23044 14644 4723 11776 7922 15321 11152 26386 14657 453 19679
13621 8623 15973 4247 9834 4046 13531 18527 7365 23079 15429 19966 3872 18324 6580 12151 20904 12664 14644 17574 24631 21815 25847 17979 1854 17330 11306 24100
18526 8623 15973 4247 9834 10073 860 4369 721 11585 14351 23185 3872 18324 12405 26394 23980 26736 18957 23098 21961 10064 23529 24948 10028 17198 1571 9132
2532 9712 9809 20668 7546 4835 1711 10406 721 11585 14351 5704 11233 15133 12405 11164 21748 11586 8025 19793 6334 26342 12070 14875 677 8884 8426 6051
17326 9712 4191 20668 7546 4835 1711 18681 26323 3943 5409 1580 16305 15133 16948 9256 8675 14003 24404 27181 18592 20066 10583 18539 24139 6085 26812 4111
17326 9712 1671 6152 6131 24724 14313 13937 4837 3943 24814 1580 16968 5729 3214 10832 26014 23498 13518 23482 25189 1066 10583 25022 22604 1795 22428 3906
8232 3476 15842 20460 17664 24724 13868 13649 7467 1408 9708 13044 16968 26278 21630 23661 18988 26026 18374 27003 25189 23766 22727 25022 1381 5759 6214 10757
25242 3476 15842 2908 22461 24724 23226 13702 5608 1408 9618 14546 16968 5923 11403 23661 22381 26026 4462 564 7865 6915 23846 17417 3517 22751 4396 12850
19047 8491 22602 21567 23963 15404 16184 3511 25142 9691 6635 20592 16968 4644 7725 13504 26791 21935 21404 13347 7865 965 10420 24832 17661 7243 4979 3193
4507 2445 22602 12263 16908 7532 16184 11516 10587 6874 14906 20592 6456 23863 7725 18468 26791 21935 17218 13347 27404 22906 24260 27129 13266 161 22544 16518
4507 25322 9013 12263 6344 22246 7384 26816 10587 22111 14906 23747 15753 23863 20719 6293 10623 17162 18289 21119 9176 8028 16649 27129 5287 2353 9661 16727
4507 25322 3145 8207 6344 14125 9161 1190 14339 14230 14906 5990 20517 21983 13247 795 6964 26368 1894 22810 20895 12401 811 18416 7228 3291 4633 21531
4911 22006 3363 8207 17008 14561 9161 25263 4072 15266 16156 22472 23789 18990 19929 4504 19553 16973 21196 19257 14572 12771 12945 13705 26151 22032 17129 16150
4911 6789 23432 8207 6911 10186 5168 8266 1807 22332 12288 21153 8693 18990 20930 11367 26541 4568 6795 11747 14572 10853 3414 14881 26849 25098 14229 22056
25074 6789 3413 16115 6911 14401 16201 8266 16261 16964 4991 21153 2588 24485 24890 19731 22538 21180 12838 1348 26265 6653 19106 3345 3771 15075 20576 23868
25074 363 9471 16115 23869 17144 17881 19392 1963 9736 397 5342 16978 17691 26425 22204 7463 13343 12838 12734 26265 24937 14289 15737 3090 16068 9994 22125
13865 943 22372 18001 26275 5490 23076 19392 1963 2000 12331 27484 21046 17691 26425 22719 7373 1035 16032 24309 3352 13120 12559 17873 26288 9348 16583 8376
12332 943 3074 18001 26275 1597 23076 19392 5 4097 11791 27484 1104 26252 26425 13211 16885 15606 16144 12247 7685 17620 13006 26195 1802 21779 10526 3428
12332 11035 15573 18001 22002 25824 5116 23188 19060 1921 8282 23801 1104 14891 13985 3107 22568 9452 26915 11086 12260 26975 11305 20820 9561 5534 25697 13980
22738 22794 15573 19003 537 25824 22636 3191 7488 1921 25720 24282 17147 19740 13985 5840 22568 8585 18862 12967 8834 17475 21490 19365 18344 19445 4916 8741
2510 25114 19053 23105 5962 6449 27370 19601 8985 26064 4262 26261 9313 221 10052 4244 21449 5405 17905 25643 4031 19694 9583 18516 19119 3899 14607 24980
20747 6151 17529 23105 21164 3684 2724 2580 8985 23472 4262 152 4868 23115 15719 16187 11409 3629 17905 23533 26879 7946 524 10876 19119 15048 2065 3817
20747 24817 25005 17617 9721 3684 15633 4677 16054 17149 9951 15342 2702 4732 3417 11864 24488 27062 20956 21982 7739 16899 25894 14834 13186 20717 26328 428
5483 14793 11602 21077 23904 19355 15633 27220 12899 3286 5697 2352 2188 16077 10479 25727 11745 14176 19359 25362 12417 5987 18231 19914 13599 16977 18318 468
11342 11375 19708 16552 12117 7402 14954 7664 12899 3286 5697 18510 7368 19596 1657 2561 24126 4222 23589 12782 12417 2058 12065 14912 13599 27313 20646 12827
23095 587 14184 18606 3408 16801 13256 19049 4485 26627 17098 6999 7600 11002 20322 23002 6934 19326 23589 24536 11514 4374 23538 20512 8470 21938 686 18530
23095 15246 26636 18606 3408 7405 23785 12391 4508 26627 147 6630 24205 1023 12338 19349 844 3047 17695 18802 26832 4374 9876 25583 16279 19862 27389 18377
20047 1174 19743 26094 20852 20914 15437 19988 7255 9791 6326 13784 23099 25684 2670 19656 7212 18886 1383 10493 26427 24572 13432 25583 11270 24008 4556 22870
24583 1174 19968 3365 20852 7603 6389 23681 5457 15129 6433 17659 8901 2127 21229 19656 20868 18886 19875 5100 14068 17731 17983 22898 6485 8160 11598 26491
12810 3152 1019 10191 25999 7603 1557 5082 11118 65 12149 15249 6556 26423 26068 20499 7153 7110 27266 4680 8480 7680 6305 22898 11621 8160 25111 24782
18111 5056 26028 13162 480 9368 19479 5082 11118 65 4988 22012 24714 26423 1924 7797 22938 26665 27266 6069 8480 7680 23697 19407 14432 2230 22001 5012
18111 5056 26028 1836 480 20324 5129 10947 11817 16275 832 15396 3752 14862 13873 21397 17011 26665 8652 6069 13383 21130 10062 15866 4206 23716 2314 25276
25013 6515 11338 7993 480 20011 5129 18947 8178 24201 16581 15396 3752 2879 21621 22449 9899 2866 8652 26397 13383 12067 22323 15798 17723 15256 21895 25276
25013 6515 11338 7993 10657 8187 7201 15757 6752 24201 3267 2130 20165 22362 21621 25381 9899 10802 15350 26397 3853 13731 18583 24604 22860 929 5310 5357
12723 13977 24778 13086 21684 24748 16611 4184 10328 24220 3267 6673 4777 10168 16295 16902 23948 27223 5614 12873 3908 21628 9090 192 21075 2110 25302 1704
18268 977 968 17546 26580 24069 4963 4184 1587 9697 25405 22928 13988 14224 24104 2652 10663 24473 8677 8256 6239 2198 12562 19778 20571 16429 6585 12058
18268 16796 24510 21278 11756 20522 1437 4184 13563 9697 18848 15356 17244 23618 18676 657 188 4277 16166 3322 12422 25499 7363 1102 24982 15141 25027 20365
2528 1562 25842 19813 11756 12283 11297 19050 4853 4926 20276 15356 915 15367 7941 1516 9917 4277 16166 8504 18422 15642 26519 2562 9457 454 26487 19015
12004 22917 21868 19813 3346 12283 5535 3539 6555 2572 335 8332 915 15367 16972 9496 9917 2913 16166 6900 9035 11829 13927 21548 16426 17839 18556 16496
12004 10332 17835 3512 3346 4133 5535 3539 13449 25275 335 22956 21936 24544 14367 24533 27121 11115 17020 22885 7618 27153 9393 9066 26734 27520 16058 25023
21772 10332 10675 11751 25064 1793 22814 12150 5592 23343 21294 4669 21414 9479 9594 12777 20841 6414 10130 320 7070 19996 10161 18897 12368 1630 7499 10499
20249 7829 7147 22752 9450 18692 4009 15712 5592 5628 21294 25165 9519 20040 19787 360 6267 1976 27439 8315 25716 3812 16370 24325 19754 5997 16016 11357
24185 5604 25948 7731 13130 18692 8007 15712 7612 20913 7427 7283 1327 20040 10376 11633 6267 11671 16709 27018 12772 3812 16370 26631 11914 11076 4516 7307
24516 14055 11273 20373 14045 6823 8007 12985 7612 129 3589 8541 13444 6570 6896 10752 15411 2515 16709 378 10711 21004 25093 4607 22872 12128 7114 22526
24516 14055 11273 20373 14045 10051 6506 15054 2933 5573 6175 20003 20027 6570 18382 14465 5090 2515 19904 22562 6610 21004 21042 836 9011 16470 24305 10329
8853 6618 8233 14131 18505 10051 22039 15054 17180 7148 16056 5813 24101 17797 5555 24222 5090 3319 361 2373 15692 4200 12801 2596 13719 1752 24305 4841
7458 16762 3007 5387 18505 21250 23283 21289 17180 15001 18994 14540 26095 22011 9311 24222 8634 25025 22606 9560 15692 4486 19377 22564 20907 2546 10881 25667
5106 19878 708 77 7023 702 10392 813 2911 15001 12580 16035 10867 20619 7236 497 2485 9926 13498 7350 2037 11764 19214 14503 24393 638 3549 25073
5106 14865 708 17113 5422 25197 13460 11718 15204 20349 19292 16035 17781 2014 15639 17111 22452 13658 6816 5274 16816 8780 18685 8339 2750 6016 23331 14492
26567 14865 24317 17113 4692 12896 13460 20638 15204 20349 19292 4542 16167 1851 4671 17111 8699 22946 8442 16728 16091 716 20878 8339 2750 4982 2714 4299
23831 26435 24317 3630 11865 12896 8744 19038 10536 8400 20809 20763 17350 368 4523 12937 22536 22095 2166 17423 24889 696 413 2715 6509 19016 23219 26186
17878 27093 18688 3120 2876 10155 7626 27511 10536 8400 20809 15528 7144 368 6117 13246 25324 22326 8747 5857 24889 11819 19611 214 13273 5504 9687 4458
25756 11582 19162 3120 2876 8848 26359 21400 9597 11962 26429 11647 7831 17996 6117 20457 808 19245 8747 8484 5097 11819 695 8404 19485 4388 22821 12530
22328 10743 25000 3120 17604 12818 18816 15430 1173 11962 3494 14264 1947 20060 21808 20457 22755 5838 8422 14119 24546 6066 25194 23213 26502 17014 4320 26982
22328 4887 25000 15914 17604 19940 18816 10092 802 24720 19131 11057 3130 11766 11715 12593 22764 23306 26462 10486 7352 6066 10306 4788 82 6692 27521 7642
16946 4887 23784 15914 8566 4007 24180 16438 9036 2484 4675 11057 17118 9706 23799 12593 22764 5313 16418 10486 10489 11212 20702 9234 12455 21263 8888 4543
774 9659 15398 9767 8566 7417 6015 8898 20644 9993 3621 11057 24085 19998 16502 21062 15068 4844 10591 7926 1874 11212 23337 21009 8304 19107 1789 26892
12689 9659 23301 13843 11511 7417 26009 24540 20644 9993 11216 11972 17719 15147 14672 7785 15068 6280 23679 7926 16018 17974 17426 6948 15889 11913 3359 26806
24932 12916 3742 13843 20731 22373 26009 5459 20644 20242 14261 11972 13370 9910 1197 7191 24542 20781 13294 24669 20253 24626 10585 12266 13284 3746 3359 3404
18432 12916 27014 12735 21469 22373 21918 5459 12749 15385 2719 22645 18936 27012 12576 17689 16830 16372 14527 24669 14092 22522 11717 19217 19707 24016 3287 25377
13874 10397 6865 9973 2041 15950 21918 2162 17889 23555 18876 5579 18936 17259 15338 9375 12558 4483 22563 27514 5388 19886 24906 21069 9599 1959 7178 2814
3289 11612 9369 16185 17130 21203 18892 4032 21975 6319 25701 9203 18936 7930 15338 5081 22589 18546 7819 27514 27203 11777 25298 6818 3871 21320 20124 11128
21738 4603 8576 19476 15727 17476 18892 4032 21175 8385 25701 18686 12388 7087 24560 12122 15648 18546 7819 27514 19856 14359 13816 25343 22879 8476 15983 13847
21738 4603 22051 19476 3255 17476 13074 8608 21175 14994 17353 16427 2615 4864 8296 21096 16970 15091 632 13367 12438 21475 6062 20839 6550 4287 15084 11126
8420 12845 22051 15146 14776 17476 25531 16850 7624 16526 21422 11946 2615 18255 11538 16107 22313 6605 632 13367 25536 20262 26837 10709 4587 2001 1116 4258
8420 847 14129 15146 21480 12785 15060 24683 5401 4635 7635 4497 14791 26591 15848 6437 27250 19258 632 10958 24124 23638 15327 18364 15127 22585 9718 7327
5939 585 23280 19399 24984 884 15547 24683 5848 4635 26268 785 25353 14559 8981 11121 25581 5320 632 126 15503 18948 19166 23571 17492 12385 19344 1911
5939 585 8542 19399 1339 6809 15944 9376 9257 24747 8759 785 6991 7471 5669 19682 25581 4806 9527 1391 10797 8734 8006 14545 22869 10023 7461 22120
5789 5888 9095 17276 1358 6809 6409 22370 22205 15599 1138 785 23608 12426 20406 19682 11753 9128 27348 225 1661 8734 5171 1552 17641 25625 23203 22899
5789 12199 10251 17276 19565 7729 6409 22370 22205 15599 7953 7631 20823 24302 14408 539 13262 7525 3480 7924 9830 22471 16845 15657 12953 22547 8016 8796
501 17510 7569 15382 15632 11497 20048 23101 10858 20039 6629 22241 11569 22705 14328 23913 2462 21746 13248 24582 3236 6910 20935 1363 17101 14354 11217 13902
501 17510 8302 2425 17962 15837 9998 27346 10858 24062 17516 1929 7420 11521 26471 2799 9543 21746 13482 14658 10017 3535 17985 24590 1678 3808 19395 20235
501 6825 2539 2425 5488 14183 22739 16288 9474 11149 6670 19151 25739 11521 3802 9664 14618 21746 1343 24821 10017 7389 26200 293 6480 14596 26712 2392
5755 26909 5088 18507 24939 12083 22739 2308 13636 10620 21309 7126 20687 5601 24855 3342 9905 7109 17769 6578 12352 21600 26200 1062 6480 23191 13917 21737
12051 17842 5088 18507 14723 12083 22739 18304 3615 5166 5066 7126 20687 5601 2061 18005 25721 7723 24134 15522 1298 148 19976 1022 23110 5465 12274 10819
12051 7477 3519 5967 14723 14962 22363 17050 15880 5166 12313 1501 23722 10120 2061 3183 25721 23180 5666 10030 2637 148 10263 15210 7888 7155 14377 25792
12051 16272 3519 22945 4986 27188 11859 20101 1588 24191 26036 13372 23722 2987 27127 3183 15600 22975 6759 10030 13527 20475 25844 19518 8940 13829 19141 19956
1099 19540 3519 22945 22862 26058 26638 20101 24549 12747 24978 7529 11883 11408 27127 21171 3833 7651 6759 11830 8052 12316 25461 15332 17382 17369 5903 7003
26846 8298 3519 26196 6780 2885 3880 17557 25765 2096 10785 19204 9117 11408 20597 9802 21195 20146 20325 13835 18666 23274 5851 1262 4763 19009 12802 21678
19841 7976 530 18755 6780 2885 24636 16623 2803 18429 10785 16701 22158 10932 9577 5867 20937 6958 16199 15290 8698 1998 6775 423 6866 7453 20129 84
5336 5190 13078 27263 14108 18502 10938 9359 13656 8431 12577 3521 10339 1716 24772 8809 26172 12177 21254 2542 20849 1998 9335 20908 8721 1092 12140 891
10390 5190 18568 18869 2565 18502 12736 8234 1326 18210 3528 19295 12010 9262 24355 7540 26172 17774 25949 19454 1946 10427 19042 19549 27215 14810 1593 17031
10390 18272 18568 18279 23045 23754 12736 23276 7700 16406 11969 18970 12010 641 22284 5635 1047 7996 19199 14089 7044 994 8767 19299 9301 17883 20801 12552
10390 4298 17368 13827 17533 23216 13999 9542 7700 24245 9511 6071 1504 26469 956 18741 1047 23511 17461 5763 7044 26099 11515 7869 16679 24624 20425 1973
10390 4298 16828 13827 5452 23216 11938 3918 19726 24245 9511 6071 2503 26469 24002 643 1603 25693 2688 18274 19277 25196 11087 10357 3354 16198 5552 12502
18588 15448 290 17272 11176 9155 22159 3918 21438 7823 9511 10171 12817 26469 19511 18496 1718 25693 2688 18440 21873 1890 24333 1376 3354 21065 14578 9177
14980 5396 290 13913 7858 3578 13035 13647 25168 7823 6697 27320 22230 2741 5167 24209 26523 11019 9241 23086 20399 15680 13155 24057 3354 17436 12693 359
21783 7889 6583 2508 13231 3578 7005 3401 14251 27000 6697 14257 4526 17969 22569 26609 15787 19069 3369 13543 23632 26112 14242 11435 16880 20056 11450 1332
18995 16794 9361 7805 1856 5256 10603 15319 13357 10274 1708 820 21821 17969 19120 20267 12363 6902 15638 26550 16641 24725 6357 7443 17684 16735 13661 11155
18995 11065 17766 7805 5271 21038 10603 13853 27481 7472 19522 1018 27159 25248 1687 20267 24412 6902 24694 668 9407 9140 15272 27118 25964 7856 567 3406
11831 11065 5544 10539 5315 4561 13049 25507 19025 14247 19522 13768 14907 4939 1687 11505 24412 9400 12684 11512 13575 9187 5123 27354 25690 26940 3184 12607
11831 8568 5544 2861 5315 10072 5219 21013 22514 14247 27343 18696 14907 17255 6275 27231 5640 27080 15508 4263 12290 14144 22901 600 19713 17201 21614 6972
19196 4488 24512 13196 2345 10072 8129 21013 26233 16209 118 8085 19312 17255 6275 27231 16002 4761 11608 2193 9992 14144 18895 12407 3825 11404 17114 10912
441 21829 24512 1620 4854 14919 6908 25575 24887 20393 2214 6457 26825 3798 6132 1645 8137 16898 4408 24424 20213 11659 19229 27493 3825 14587 1086 17390
12384 4510 24512 12854 27468 22130 6908 25575 18675 9805 26436 5211 26825 11350 17558 12208 26194 24431 4408 27098 25112 3292 23441 27493 4249 7192 9923 14015
24723 18975 15199 6004 19366 475 3351 9595 5017 14059 10451 17444 25179 14922 17079 21381 12804 14042 5588 7415 16163 315 19337 17666 11247 21781 10650 17352
17043 18975 21140 11998 5099 19927 3351 27226 5017 26303 3499 13939 10515 1906 22768 19873 26365 8067 5588 9722 6428 19232 1382 8567 3931 1526 25280 16996
17043 18975 24915 7830 4847 1288 26372 21094 16944 14326 10803 5624 10745 17938 22768 19873 1413 22519 10106 16511 7338 19232 21595 10190 23934 17768 684 11801
21515 9525 20724 19974 16371 13948 26372 22708 22450 14318 25753 6417 26153 22387 18206 6694 27359 3915 19172 25769 19375 13070 14005 11010 12987 15283 15271 27230
20500 9525 27465 9382 16638 23612 12868 22926 22450 14318 25753 27221 4877 7847 3256 6694 24184 15896 26868 15839 27499 10102 10209 2742 12469 14178 3665 1484
27219 1814 27465 9382 21985 20744 12868 2559 4518 23217 12330 26025 2093 19866 3256 10670 3739 484 11020 5842 12931 3114 10209 27305 19704 6824 12655 4749
27219 1827 26957 23481 21985 9449 12441 2559 4946 26767 7849 26025 2093 25151 25651 3681 19521 23022 11020 5842 14611 3114 4831 19533 19704 19629 6462 7152
27219 1579 13596 23481 19527 12715 12441 16987 23038 26767 17387 25783 18750 24653 17847 25239 8863 23803 24843 25462 24532 10249 15540 47 24353 7371 11493 9135
10195 591 1876 15401 23357 10830 6632 16987 7187 11591 1503 24946 17405 24653 3113 8534 8863 144 27119 10075 15251 1724 26262 24266 17600 6012 18039 19170
10195 12015 3384 15401 3276 11293 6632 4182 21765 24732 18191 16882 25685 15581 19456 11948 8969 13171 16731 23976 15251 9647 1928 23302 16543 23483 5229 13174
10708 12015 5877 15401 3290 12906 11587 22783 21765 15862 17018 16681 7978 9521 2872 17109 25414 5444 4342 888 17821 9647 1377 11546 19857 26639 3464 11445
7950 5902 5877 25251 3290 8867 17745 26005 10425 16841 12890 21160 3693 9521 10946 11272 5593 14373 17039 26967 22193 21980 22349 8092 4580 14344 10800 13810
19724 7403 19768 10394 7336 1021 26250 435 10866 4917 19465 1933 15828 9197 11425 5891 19070 4632 21723 23923 13336 21269 22349 6238 11434 25432 20974 5878
19920 17075 19768 15128 16808 1021 22090 18379 5418 16809 19122 18201 16571 9197 8054 16804 4029 9488 15353 12511 1270 1235 22349 21963 14803 10850 4913 22054
19920 19240 26066 18767 7777 13644 4235 26587 23753 5511 6739 23703 16963 26500 8083 8709 10014 9726 14480 16111 4347 23251 11036 21710 6177 21453 1286 7190
14126 13559 26066 13277 21340 13644 1360 26587 20118 25940 11723 20032 14846 5637 10286 23521 14639 27161 6174 5577 6002 23251 13858 5661 613 23198 270 7815
11901 13559 26305 6540 19654 18427 1360 10188 2509 6497 27486 21101 3891 22169 10002 11399 18865 27161 6174 2174 26482 16806 19030 18472 18563 13472 16481 25301
3628 25087 18743 24563 14423 22369 13615 10188 11700 6497 15475 5032 19160 21252 21565 9522 18865 27161 10373 19402 6552 13922 776 21870 9831 14518 8642 15696
