11215 9475 2262 5863 17019 20998 4114 22942 19557 808 2190 17572 10889 15390 4490 18699
2335 9475 2262 20715 17019 8297 11078 13506 5522 808 7952 8731 3667 18704 19654 13263
2335 9475 1414 23592 6616 2573 16308 13506 14534 1287 17877 8852 21250 14760 14633 16409
3296 20771 4131 12671 7965 2573 18867 1433 10737 4644 5819 21190 21371 11041 6990 16753
4655 19699 9322 12671 18613 17678 18867 18697 16320 15298 16408 1034 20678 18197 16114 1422
17318 19699 17285 9426 5045 11608 19639 1725 4144 11234 23515 1034 3761 18197 12936 3229
17318 17400 17285 9426 19770 10238 20254 12588 6996 11234 10052 21687 7856 12868 17666 7178
18049 17400 17285 11960 21724 10238 18109 6390 20171 13651 17590 21687 14769 6417 14444 20412
2496 15100 17207 23025 23279 13377 18109 6567 1664 21951 8896 21614 18141 5215 21505 21517
11678 15100 17207 6796 14941 23647 10276 6567 4159 3451 1585 21614 1087 5963 7896 17134
17212 20212 19408 6796 21338 13790 281 3643 11584 4288 16202 18075 8315 19750 7896 11956
302 23426 11489 542 16945 3950 281 8901 7861 10498 5272 18075 10929 7381 77 2870
22477 20494 2120 19367 6428 3378 9965 9632 11194 11284 17059 15883 3812 7381 1412 9363
8923 6498 16220 23002 5727 8249 165 322 7195 4297 12180 15883 8363 20509 8252 7084
11542 8808 1815 14121 14111 5081 8823 5632 7195 9501 15838 20811 17091 5774 15902 7057
572 8808 1815 23456 1991 5081 8823 538 10037 3966 1625 10644 12035 5774 6785 22371
1812 13403 10799 805 11079 5081 16085 538 10037 17205 13205 1375 4855 15544 13947 11419
1812 3970 10799 805 11863 2634 6625 711 10037 18780 5549 1375 19715 3245 11794 4365
8204 3970 9495 20718 5122 13870 9847 11306 3343 4121 12049 13173 1831 17643 2202 22150
4127 16633 9495 13276 12185 13776 9119 11306 20514 6760 8743 5079 19966 8942 2202 8203
2536 16633 14938 10330 12711 23649 11210 13442 8623 6106 16767 18574 11741 18505 17924 20257
4863 19493 8349 10330 12711 3377 11210 13479 22236 4067 4445 18683 11741 2521 11541 11659
18158 7615 8349 21731 19449 21988 8733 1350 20787 4067 7335 4105 4402 19758 10346 7114
18158 2001 5788 12964 19449 21988 8733 15445 16814 21732 7335 7891 4402 23466 15398 6848
18158 2001 5788 19894 19449 13887 19877 17533 22237 20342 10234 1298 2753 11668 17952 11508
18371 2001 5788 20451 19449 9444 4772 8711 6797 7594 10234 1298 22909 20641 22833 9455
18371 7700 9024 7182 20758 15010 23651 8711 22033 10583 9863 5555 18423 13913 16686 7723
11529 10441 9024 21624 17502 15010 18791 1878 12 8084 17756 13856 1051 8530 17284 4165
21331 10441 16874 21624 8924 9714 20571 7911 21785 8084 13308 11468 19503 8530 11815 2989
21331 20916 16874 18336 3397 13697 18938 7911 21785 13307 15834 784 9932 7709 2326 21797
21331 7446 9449 671 12435 13697 11416 585 12214 19190 20656 23048 12089 5867 5921 8290
13541 3939 4876 9588 1498 13697 20307 585 10184 19190 10439 4803 12089 18561 9086 14488
2694 10619 7247 1101 17107 23097 6194 585 7686 14340 18717 12047 1999 9662 8541 3327
12853 10003 7247 6090 17107 19895 6296 20629 22159 6305 9582 13274 7675 9480 6001 6975
12853 14487 14589 9639 6248 19895 6296 8633 9961 13031 8154 11821 12161 9480 13504 7533
6111 21101 20766 3673 6248 6448 21244 1500 6906 1198 8154 11230 3515 17146 15599 15483
22686 20963 20766 15458 1700 6448 4157 17006 18827 1624 395 1852 6626 3307 11835 16079
10009 20963 12033 10567 6834 9894 9530 21970 2601 21770 1355 19625 3264 22935 5178 16697
3310 5516 12033 18171 6834 9894 21656 9704 11707 20361 13717 19392 19466 4782 3088 16537
14747 1424 8429 3779 338 15446 7571 7550 11707 16607 13717 7936 18275 4782 3088 23171
19818 7950 3930 759 20228 18279 14855 7550 2403 21959 904 6641 4344 9109 15641 19327
5820 7950 23446 22542 20228 11962 17551 10693 2031 21959 9816 9766 21716 14413 15641 4395
22610 15371 11704 13128 7849 7988 11672 8544 12640 6247 13784 534 3713 1025 20256 16720
11773 15371 11143 13128 7849 7988 11672 21825 1773 15900 19145 18666 1652 6771 19067 16720
11773 13119 11143 18272 344 18812 6810 618 2547 78 18929 18891 22961 18981 20444 19370
2699 7136 13566 8074 19083 13464 16876 22621 4817 12102 20144 18891 10995 8481 8424 2382
16348 8300 2374 8074 17243 19285 16876 4709 22986 12102 14256 20856 14080 252 20119 14026
9096 16385 9824 18548 17629 879 23313 13544 7688 11884 6474 11105 14080 6618 18429 4488
17957 17692 9824 8269 17629 879 23313 8526 20664 5488 6971 18729 6562 15616 22425 11903
5749 10622 22661 5187 9176 1770 5213 1061 3720 10121 557 21173 7072 14868 17909 14066
12166 11096 15350 5325 16189 15625 5213 1856 4008 3585 20837 556 7072 13977 1607 9000
14103 19298 17619 17444 8134 15625 319 103 15159 15692 6142 20582 7072 11755 21328 7053
1141 12431 17619 17444 11507 21565 15086 18698 1086 15692 4112 4946 7072 5835 525 12192
16250 16764 17619 10914 17289 14652 15086 6223 11976 14634 10524 15377 9819 8766 12186 12773
7766 16764 6029 10529 22900 9417 11345 23238 19983 14634 21057 604 1933 472 21136 5289
42 13966 11832 4798 22900 3832 23650 16144 17945 19422 22897 3170 1933 472 4023 16019
18039 22322 3771 4798 2822 3956 14499 6227 4413 14648 5978 3916 2820 5019 4473 14761
18957 13010 19829 4798 3122 10766 14499 4109 4413 5956 20920 5100 3050 18610 5231 13719
9544 21880 8899 20864 18769 1873 6259 18094 2583 11789 12003 1805 14597 17430 340 18889
9399 15786 18138 13511 3366 1873 3645 3803 14406 6039 22373 13877 229 17430 14245 17582
8959 15786 13353 13511 3366 20117 5931 19551 893 8589 22373 3443 2500 6524 14245 6720
8959 15648 9813 23525 22715 12997 5931 19551 15137 15310 18333 3443 7370 13551 22774 18370
8959 15648 22635 492 20521 9006 3499 7951 996 6937 3289 1118 15201 21632 11722 17753
15690 23183 576 11407 8614 20932 1972 9337 996 5283 14265 22173 201 4960 7454 20536
11638 17228 2285 2783 8614 12585 10858 9337 9378 15116 12392 21437 15296 1149 21151 22835
14526 4396 15525 2783 2492 10053 14856 460 2474 10289 20192 18686 19559 20760 659 13881
10308 19171 17914 9001 2492 10053 14856 16205 9782 2710 10881 6711 3381 13237 2680 16124
10308 18367 19633 11422 5943 521 3235 23261 17979 10336 22905 17076 3773 19057 5817 9362
10308 14157 2664 14012 5943 19157 12514 23261 4353 5038 8582 6799 14193 15223 16833 2321
17155 14157 2664 17495 5943 6463 6871 3244 4353 22359 5997 6799 6940 11449 16833 5216
11378 15795 7121 17495 19573 4815 742 3244 1566 18534 7607 10919 22899 13435 8945 3060
11378 15795 16223 14322 17327 23243 10792 3244 8018 14337 16004 5246 3765 13083 2337 15311
21109 20467 16223 14322 10167 8054 4386 16084 8139 686 16004 5246 2372 17472 15861 3241
979 1358 10372 5560 13657 22694 4323 17790 157 944 13555 10384 12784 4721 14704 15257
2356 19132 10372 22769 12727 22694 4323 9977 2555 944 11410 4783 9802 7900 17665 1063
23304 4143 18449 23352 8546 13614 1100 14591 2555 13338 3149 6877 6669 5750 5207 19227
15594 2687 18449 6806 12280 8067 16894 12670 14833 13338 10484 8353 1750 5750 5176 906
9053 23202 9731 6806 9187 13187 1082 12670 5441 10992 12596 20373 7299 22582 12187 743
9053 23202 19604 23053 23577 22496 2959 15824 7180 2318 2339 18413 22547 22582 7390 8294
6102 20986 8499 23053 15106 12046 13734 19833 11347 4667 16317 274 2987 8210 22239 15681
14311 809 7881 14359 8211 7757 5988 21834 5179 23217 12444 17839 11099 8210 11351 7737
14311 8801 7881 21605 6587 4119 17326 21834 4412 23217 12444 21921 3777 6527 688 16157
15437 11710 7881 363 1253 20730 7573 9601 20822 643 19476 7549 14244 17895 15352 20911
15437 6067 9217 20292 11994 19403 789 9601 22726 12578 10230 7549 217 17895 5142 13650
21391 3243 10437 20292 20059 19403 2250 18577 17395 22149 10230 2679 4867 16710 5142 17100
21629 7439 14087 3291 20059 19403 2250 9259 16462 9656 7553 2679 13866 22914 14381 2964
3370 12139 12230 10862 22086 3055 11802 11335 6468 9656 17116 9826 18634 3677 6631 3271
3370 12139 11551 10690 8335 13494 20102 12428 6468 15752 20203 10952 18634 9539 12683 15233
3370 2843 4998 10690 5970 19096 287 18964 8856 9276 20203 19585 19986 21773 23150 2761
19156 2843 19987 10690 22773 8483 16148 11501 3194 14973 3038 305 14367 5880 14515 8276
865 22719 9268 231 22773 14787 17621 14680 2813 10424 8753 14178 13817 17021 4186 10931
17477 22170 8218 20978 16303 2885 2210 14680 2813 10424 2454 7081 21962 21867 4930 7282
17477 547 12350 8709 5808 6991 19291 20389 4701 21581 8845 22447 18196 11233 6013 8317
17477 7932 18111 8709 1545 21431 5393 14470 17755 21581 359 5757 18396 18240 12090 22130
13034 2905 14289 18713 1545 19401 6551 17364 18377 2319 1108 20441 23524 22814 20338 1308
3579 2905 11176 18713 1545 13590 5491 10534 1615 6042 9089 21853 21100 22446 20934 22404
3579 23594 7924 20002 22213 14881 5685 3313 1615 2245 17503 13918 20334 9094 7501 3163
4059 11617 8145 8868 22213 6998 11303 10165 23 21118 17503 896 15401 12002 17513 21662
22545 11617 8145 16856 16500 2565 11303 6007 23 11523 23207 11653 5434 1440 9221 1299
16556 11617 1258 16856 7179 9347 1349 11561 7080 11533 16991 11118 5434 14015 945 14179
16556 859 23278 9809 11797 6085 1349 17422 17217 3743 21658 3488 15915 14015 20335 16370
13935 23209 10343 2767 17083 21954 8478 17422 14976 3743 16100 1009 21877 21168 5296 10275
15110 9332 3486 13051 3183 14857 8478 22253 1491 10709 22124 9170 21488 21168 1572 3391
21831 11783 3486 5077 4125 2271 10742 5241 21475 10709 6460 18747 17648 5022 1821 7362
18009 12012 11605 7859 4125 19321 12746 13379 16488 16891 5513 18781 13212 13771 10468 23692
16827 12012 7926 17521 20426 6924 15130 18823 12638 13687 17613 12368 18008 1828 1913 12032
16827 15243 12087 17521 20426 1000 9676 13573 13773 5713 4410 12232 16636 10476 7592 2858
16827 21055 271 22709 19405 11045 20829 4780 21974 6540 14903 12232 19992 10476 3261 16171
11627 4072 11390 11094 21679 3907 10245 23395 21974 6540 813 4574 12345 4567 20181 11505
4476 4072 11390 11094 23380 3586 10245 4503 4012 10435 813 815 13690 21876 1145 15842
4476 8399 21006 11115 22597 6520 7574 22281 4012 16745 11795 815 3421 21876 21585 10390
4476 11244 21006 11115 10186 6520 12331 14074 14585 16596 7147 21754 18041 10533 22954 1698
2665 10391 18983 4932 249 6520 23282 14074 35 19 7955 6401 13381 7359 8982 18665
21383 6101 18112 2938 3823 12787 16915 22877 9867 10187 18182 5443 1484 11784 3158 10359
17861 9817 558 7579 3823 12787 13181 5456 8686 10187 15114 20707 11035 1163 14191 19382
3975 9817 19063 13397 6746 15709 13331 5456 22337 13711 2973 15935 8909 2439 9123 2754
3975 12691 17813 21429 9226 23175 13331 995 3825 15879 8060 4187 8696 12327 7217 21648
12852 4764 7495 21429 13462 14272 13350 995 16792 10990 13421 9629 50 8175 9168 9827
12257 21928 2614 10065 20935 16550 11875 7505 13842 13903 13421 19712 11651 11180 22627 13460
3668 519 6317 10065 19237 19095 655 7505 10927 5780 5245 15044 19582 6354 5017 3472
3668 16256 6317 18855 19237 2322 655 15666 10927 13475 5245 17901 16109 4057 16998 3390
10865 3430 17930 18855 11991 7357 16414 17803 13992 10168 9080 21568 4572 23317 10317 22485
4812 2404 17930 761 10763 5130 10618 9169 3147 12798 4293 18176 4572 13699 8700 9934
2833 2404 22973 761 12814 16225 17386 5244 16571 12798 4293 19642 6434 19377 8700 7962
2833 21467 11196 18549 764 8653 2829 5244 18916 8739 848 14684 6119 19377 18656 10908
14333 559 21051 2166 11392 15258 19892 11694 11290 15633 4415 15374 17964 19989 13839 6659
22051 13906 18771 15077 20215 16428 18835 5759 11290 2919 4415 13188 14528 6350 13839 20172
22051 11232 13444 20067 2629 3963 19319 7626 218 16081 7827 15075 19934 2472 11485 3954
7946 11232 16988 12262 2558 3963 11158 7626 12042 6376 18976 15075 11718 1327 13527 5249
12686 8992 5383 20327 2558 16322 13352 1360 5436 4952 18976 23580 11718 4441 7639 11522
12686 7530 5383 10584 18409 6889 22400 17835 1909 4952 6432 3483 13908 18305 10158 16030
12686 7530 4450 15068 18409 14472 22400 20115 1909 9888 9975 14422 19928 33 13206 13481
5537 15940 9055 70 17716 14472 1114 4940 18483 11375 9975 9737 10273 10574 5976 9485
12726 15940 15825 70 11655 21910 2297 956 7004 10259 10233 18091 15061 21360 17729 7548
9189 15940 15825 8618 23472 21910 21054 12953 4784 7271 22840 17856 15096 21360 8552 5457
7702 16930 21759 8618 12358 9409 6948 23543 21500 2320 21154 22554 18675 891 18463 6077
11595 16826 9801 2745 1665 7907 1629 7334 11791 21326 3036 2351 8934 19091 23277 6462
3814 8854 12975 7034 1665 13491 1629 7334 11791 23032 13090 8458 18542 16302 2377 11018
13603 18420 12975 12693 14904 1919 17403 9241 8251 8244 20397 21061 13321 14645 20140 22548
11394 11492 10491 12571 17278 18036 13057 9241 8251 11695 4103 18027 8390 19630 22852 11751
11394 11492 5297 12571 2912 19858 17159 7426 10979 5269 12171 20623 8390 7627 12395 5529
713 23152 7484 12571 6951 11008 14893 4093 9328 5269 12171 162 5936 10389 18253 9657
12739 23152 11429 2342 17322 11008 14893 4253 23514 15929 5220 162 17448 10389 8652 586
11087 4934 9792 2342 9066 360 22918 4253 23067 18572 12080 3083 18217 9592 3419 11586
11087 4287 8309 15606 9066 5160 23046 22176 17096 21695 11178 13035 9504 20517 12167 6713
11087 4287 8309 15606 3099 5160 5228 22176 3498 21695 16273 562 23182 20966 16788 19044
9026 4287 6911 3927 4311 18495 18114 18471 17543 3189 18419 9213 2414 16206 16689 10017
1726 12939 5021 5742 22736 18495 11504 18471 15699 20246 20500 14436 1164 181 1577 135
15108 18444 18010 6600 11643 15460 10183 6534 15699 20246 15331 20929 1164 2538 7796 10665
15108 17441 18967 6600 176 15460 352 1134 23490 7062 4494 21676 8672 19123 12174 7161
7036 17441 4484 16518 176 22360 15088 6984 10790 18309 1517 22685 16175 22331 15254 23234
7036 19351 4484 16518 21681 3982 18128 7993 19183 16765 1517 503 20245 17140 4117 9563
22696 3592 65 17188 22714 3982 3259 13089 12840 1997 20815 4754 11131 2787 3655 20127
19437 6163 18943 5972 21217 19855 1934 13089 19023 17967 19140 4754 779 8869 13236 378
12125 6163 5666 5069 16687 21348 19211 15555 19023 10986 19140 5716 21024 4699 17203 10305
12125 8580 21890 5010 2735 12433 10509 22437 10612 10986 21952 23226 9128 10697 14071 10553
16622 18170 12647 17959 19932 7422 3350 19780 8445 5454 16545 15094 8460 13347 13636 8206
10882 1202 10483 17959 19932 7422 10116 10662 20434 17169 16545 13758 7079 13764 3801 17017
10882 16858 17216 7758 16793 7422 10116 21523 5359 22881 21206 15612 948 11971 11428 5153
3938 16858 17216 7758 4427 12464 10116 15899 12800 17896 22158 13825 22531 433 22782 15874
3938 16858 14486 18778 14408 12464 16017 15899 3694 6741 8187 21567 592 18578 15267 9228
22566 20902 1331 9264 20615 11923 5951 15899 3694 1210 12511 17737 6398 12263 7919 16832
20626 23019 1331 9264 1776 10097 23225 19933 3694 7989 4643 23377 20097 11100 11869 17261
6241 9854 21221 9264 1776 10097 5039 5120 22064 15277 11583 11358 11979 5150 22803 22786
6560 13032 2132 14926 13190 3360 8221 4090 19687 17438 11583 11358 17955 6702 9970 7097
20858 13032 13747 5370 13190 1255 8221 1922 17160 21758 4816 17563 22673 6702 10941 20698
20186 6145 4830 15217 17425 18744 14002 19693 13512 4049 8233 9846 7899 14416 23254 14519
20186 22744 4830 15217 15663 9121 397 19693 13512 18426 17949 4440 18673 14416 11177 530
18759 4406 22571 5368 8610 9121 10139 11189 21498 8372 15194 6080 5275 14782 7816 4550
21007 10102 12543 7677 9718 9121 15823 1219 2230 9260 21879 20931 19994 3067 21790 8508
20320 8557 15286 7677 22378 6863 15823 8553 2230 13860 6140 10630 19994 10122 19456 23616
2831 19887 15286 21858 22378 5005 15823 8553 6211 11737 240 1115 8527 17002 22977 18228
8037 4864 4668 13209 3387 3544 16394 8553 9955 4279 21013 14734 7558 7229 1859 11336
8037 4864 4668 13209 3340 3544 16589 11907 9955 4279 494 14734 12432 19446 12535 1285
7518 18814 4668 2782 21409 22183 7945 782 2971 18331 19229 3818 12432 19407 143 19696
19271 504 12489 7270 20479 1893 18829 19759 440 11589 13652 20356 20440 10100 4891 3551
19271 13720 10832 6710 13458 9364 8708 21008 20247 2857 4453 17157 20440 12863 4891 20588
124 7648 22820 5825 17742 877 14327 6964 13926 2857 669 22487 1104 17814 19118 8870
124 16875 14967 5825 12598 15597 6193 939 253 21529 7138 2329 1104 3302 262 14400
11377 18992 7914 11199 12598 8293 6193 11826 470 20250 2985 2946 8630 14199 91 14670
18353 4462 9156 23463 12569 13872 10526 11826 13732 2817 6972 2946 2215 13960 7059 4132
22604 7347 22112 17255 12720 10380 20924 1843 13732 7928 10342 2080 1982 9192 7160 16465
16670 9107 11034 4050 9630 10380 21775 22039 21466 9597 23686 12994 8710 21181 19821 11317
19921 17869 12827 19522 4230 9152 22350 2609 19059 9597 19616 22348 8182 423 4905 17428
9035 9841 15898 19522 3615 15549 943 11937 19059 12546 14719 11606 16425 20029 15725 16705
22779 9841 17277 5381 3615 6033 23220 11937 8989 19853 1687 11606 6010 13164 15725 19239
22779 16168 17277 5381 280 17568 18124 11937 1357 19853 13871 1423 6010 2096 21667 1633
5090 12927 6279 18537 220 4826 10277 22043 1357 19853 7742 18961 11983 16474 9387 1434
8184 2837 10687 23390 8895 14019 15615 7787 6654 15728 13341 544 15251 9559 10214 19822
12369 16835 22698 22050 6963 11734 13701 14869 9404 6598 4502 1351 7784 5277 9626 20133
12369 6855 22698 19347 6963 11764 19634 15150 9404 18206 11454 561 7784 20919 5113 4984
5729 16532 3829 19347 18503 2020 19212 15150 8192 18206 3759 19972 22941 10745 8585 19102
19014 9341 2086 17369 13211 2020 18904 11183 19398 14706 13062 12881 441 516 7382 14612
7516 14403 2086 19533 22771 21812 18904 5126 10507 723 10708 18142 570 1968 9 14612
7516 11376 17696 21524 18446 13124 12483 18455 10507 11702 21766 18142 570 13674 11139 13932
7011 11376 15887 83 8146 5914 21741 6858 20885 6440 17137 3463 7385 14215 5610 6895
7011 2797 13724 8980 8146 8200 18736 20832 17225 3187 10427 9072 10786 14812 20105 20221
107 2797 10869 13917 15578 8200 18087 20832 13125 11292 18095 18819 12305 12314 7344 13201
10645 21675 11048 3858 8819 2653 18323 12120 13097 14146 9695 7115 345 12820 10428 3481
22695 17505 17315 20311 18582 20442 15171 12120 12958 14877 9695 3121 21563 8150 7915 8965
10801 15919 17315 12795 21265 20442 15171 10397 12958 17985 2851 12268 1527 15712 20723 5369
21077 15919 17315 19235 8940 17068 14791 10949 881 19232 15105 20267 14405 12260 8410 13
946 882 17315 19235 1177 890 2461 15089 5470 21578 23189 22999 6901 20572 20288 12703
1230 20443 18846 16444 16274 16407 10067 11289 5466 20539 23189 8173 6770 5139 4838 16769
22717 3436 17174 16444 16274 12574 14563 18722 16300 12884 15034 20364 1453 10482 12815 15734
7820 3436 8867 2995 11192 16049 20606 16321 21170 18093 8927 21085 1011 10405 7435 7940
21191 17983 22071 6452 14343 16049 9194 16321 21170 22154 11662 12114 22243 17600 3752 1333
21191 22266 6748 6473 19213 16999 12933 16321 21170 12750 13702 20638 8770 14709 5679 19376
4482 20581 19206 10216 16003 6144 11313 14890 14290 23415 21800 11327 4156 14709 10808 19376
4482 20581 19206 258 10961 20378 6009 7000 18322 16614 22456 11327 17115 6594 9093 13867
19349 18601 19206 18340 10961 23333 10413 15490 4394 18678 3014 23082 17339 10782 2205 777
16192 7921 18575 3897 23247 23333 23627 10296 7612 5967 3014 188 14732 3379 1539 6127
2540 8838 22122 3265 23247 13736 23110 21440 9271 732 12553 1990 1887 4258 5351 21917
4758 16587 64 5074 20881 13736 11052 3532 14412 6663 12553 6581 21052 5197 8015 4005
990 9680 9177 8306 2390 4915 5793 3532 18466 11763 8071 16569 21052 4100 12349 14288
18374 13189 14846 8306 5331 1861 21468 1792 14717 9021 3862 4529 14315 8328 4745 18547
18374 6672 18188 3392 14047 7582 7992 7346 7210 15836 3862 3132 21158 19280 21714 23065
9305 11575 17281 16023 15933 3510 1528 2477 7444 11902 20481 6337 4513 4527 14323 21888
9305 16942 22974 5495 10148 23299 14527 21388 2982 8536 2915 3732 4616 2978 16663 2814
20190 10294 19691 5495 9953 7593 9472 15121 11742 6348 5128 3732 11398 22628 4792 15609
4139 18528 19691 23362 5409 7593 9472 6107 2896 6348 16744 3732 4446 1205 23130 3974
288 17031 13989 17368 4486 4331 3996 16838 2896 14349 7880 19233 5683 2612 18890 9672
11448 17324 12830 14981 12194 22618 18100 10147 9716 17355 21427 18386 21905 968 5072 5616
18895 14714 12830 14981 12194 15174 616 3303 9110 4902 18645 10975 12409 5209 8142 3117
18500 13360 12996 11637 12194 6036 7713 3303 2201 4902 14238 10975 6433 5202 18127 3117
16377 14255 13200 17038 17162 16954 1473 18344 16337 11114 14238 21521 10025 4856 5986 6992
6012 1663 13200 20520 17162 9091 22000 12294 10001 4728 2422 7650 6734 14895 3127 8764
6012 16001 11125 6903 17162 9896 21301 1211 9148 21828 6761 7650 19935 7722 16725 15455
778 2300 6690 23447 5111 5693 876 2208 22494 2386 6397 4935 17770 4201 22034 3320
778 5883 9424 23447 14478 23402 1716 21707 15156 13000 8397 3538 3462 3136 22894 16584
21733 5883 4167 23447 14478 3999 4676 1334 15156 1058 18478 7398 2097 6571 19069 16470
11138 12480 4167 10997 15389 4321 762 1334 15156 20367 11516 7398 2097 22936 16478 8016
19651 8529 18862 10997 5686 16489 4124 20702 9047 13637 2836 15162 15998 21704 14154 20744
19651 10069 4210 1931 5686 5501 4124 9263 13616 11597 15598 5655 6565 20880 20206 8578
19651 5791 5303 4301 7108 13402 4124 6081 2391 20499 15598 6639 2415 16313 8152 17055
19816 18394 14399 4679 7108 16263 21476 10219 2172 21210 23052 16650 16909 23502 17669 8512
19816 11251 3208 10741 22172 12208 9791 5364 6131 21210 23052 13664 18558 17113 18110 15501
11431 3988 3792 7002 18585 18926 4324 4247 6034 6277 23187 13664 18558 18052 21644 4911
11431 5243 23237 16461 5836 15837 799 2619 11805 13489 23187 13003 14600 21031 12524 9775
5003 15865 15958 5816 934 9403 567 2962 1128 10236 8640 1428 12772 9105 18525 15584
18445 2196 15958 9830 2986 22215 21103 16002 6752 16722 5907 12518 22179 1994 156 21996
18445 2196 17270 20199 13453 13025 13368 8971 18101 16881 22267 11222 8347 9309 19511 19773
18480 2628 5922 18526 7118 12353 5673 8971 14663 16881 2484 11222 3052 3414 16887 5214
16309 23143 11619 21262 4556 692 19589 21314 7835 3309 17986 22693 3052 3414 17238 13330
16309 5591 1007 9745 4556 17411 14862 5601 17497 6330 17986 19301 22402 18329 12213 23163
7725 7361 1007 3872 22488 2305 14862 22063 20265 9336 9302 14923 8329 1877 18980 13013
1662 16577 4422 310 19529 2305 9600 6791 12825 9336 17456 17740 19873 1877 1232 11766
10354 10654 14965 1656 5754 21949 11319 4698 20241 21116 16781 9645 10163 12613 15031 11524
10354 10654 22325 4041 6684 1806 15721 23051 4912 21116 9225 1819 2921 18680 14489 6054
5968 10654 10676 20062 6684 1806 3802 23051 13625 12415 9005 1819 16083 21269 8416 3372
5968 22639 17904 18873 20294 21014 3802 20445 4769 13420 14133 13808 18137 16140 8538 21677
6050 12215 17904 18873 5092 16305 4882 7016 21536 20505 3254 5055 11085 9733 2860 20867
6050 4604 17829 4381 3734 16305 23401 23561 14507 20505 4298 17224 894 22811 14342 14462
22210 14032 17829 20556 17337 4019 18908 18919 14492 22432 11693 2743 894 9912 17465 19041
16105 14032 17829 9866 1740 11203 22637 5358 12762 16108 6941 14773 894 2657 11179 14402
16105 5809 22156 9866 22468 22240 20112 8352 15901 13585 22880 4332 13750 2657 18644 4007
17133 5809 1574 12930 14552 23368 2732 8352 13579 4116 14710 270 16903 22596 5657 10154
17133 22924 1574 12930 7253 23368 12719 8352 13579 2900 6896 270 22979 1019 16339 8213
7101 10203 16575 20495 190 19948 18339 8202 6038 2425 18614 8135 13632 197 10692 20382
7101 14442 16575 20495 23068 20417 687 4766 651 21894 13868 16152 13473 11713 2121 18375
7101 172 21551 20495 21114 7090 15317 2738 14466 4532 3260 9286 23292 553 4969 9648
22860 15866 19584 6965 8462 10466 19631 2738 18532 4532 7623 12794 23566 17379 13672 20418
22860 16919 21197 6965 6026 10466 11387 19311 11295 14385 22272 16332 16766 563 10820 7673
12978 18326 861 21179 14541 17301 17015 1447 9445 14385 22272 1981 23086 2873 11531 7942
22054 18326 861 14990 2932 12266 4524 6016 9301 151 2892 1981 11865 18428 9509 5589
22054 5420 18720 10969 7168 10 4524 6016 5211 151 20475 17714 13167 15434 4216 12624
22054 5420 5208 15661 7168 10 8242 9564 18273 583 20475 15714 3446 23141 8439 12457
21882 8395 15372 21010 7168 6815 5912 14498 18639 583 5477 15938 3446 12426 18667 9098
15965 8395 15372 16904 7168 15948 14280 21177 9673 583 5982 773 14010 17263 5908 4681
11984 16080 2260 16904 9068 18521 19397 21177 6758 4819 8364 773 15914 5971 5908 931
20974 16080 9114 7010 8761 18521 19397 2877 214 16411 8275 2395 1314 5203 15808 11254
19971 16080 9114 3238 20967 7227 19175 2877 331 16411 9522 2483 6831 22448 1649 5604
19971 16182 16849 15682 1989 21285 21987 2877 19946 2194 2888 4104 18378 5637 578 3464
14411 4237 13964 15682 10386 884 14461 13214 3617 2194 8199 4134 12055 4890 7181 21287
3423 17303 23264 11013 5656 12354 15969 16266 22021 5577 14956 3896 925 8888 13608 20325
13017 17303 12968 11013 16968 21443 14219 9389 23428 8420 14956 18682 17023 11780 12805 21225
12320 17303 12968 5367 656 13127 10748 5612 13901 10827 2897 23028 17981 11780 2041 17132
12320 18062 21135 22672 632 4865 10748 15202 21126 8925 7661 12897 20733 14338 2294 22967
2328 18467 21135 8426 14394 4865 19182 20319 771 10558 18710 11759 16812 14338 5273 20637
18200 1462 21135 8426 6182 9655 19182 20319 23473 2003 20063 7969 5032 9293 8957 1609
18200 20468 21283 20681 477 1573 8968 11444 9966 10153 10111 7969 16455 13150 10838 9857
18200 20468 4214 8543 22535 19627 18598 17566 19390 16949 9282 9777 19963 6627 14790 22218
18200 21041 4214 22304 22535 2642 7213 12525 19390 17500 9282 18868 20646 5533 19535 19180
9292 21041 8017 2141 22231 940 7342 524 888 12407 23173 17965 17837 16423 21378 23534
14559 2282 17257 14016 9415 9590 9615 4730 10172 19648 21384 8068 6676 14609 18629 23461
12584 2282 12438 12890 19565 19848 10425 4730 14277 13424 7268 2760 18174 16732 117 8625
489 2282 17274 22992 12466 19546 20473 22431 20547 13617 7893 12631 21690 6709 11933 10739
489 16925 15513 21405 19757 19546 20473 23630 1171 1168 387 12631 8627 6709 13177 21036
14839 13064 15513 1720 22123 1237 23619 16399 16179 16181 23106 17120 16684 6709 13177 14754
21469 12071 15513 15346 15608 1237 3476 1047 8778 16345 5636 8274 5592 12324 5087 998
5717 13149 1760 15346 6061 7140 1343 1047 21317 16345 372 23181 16442 12324 11951 12521
5044 13149 1760 2999 3565 3508 15704 23491 4392 21296 9697 13822 4213 12142 23576 21884
8167 15607 8752 10438 3565 1549 8776 5382 8295 11762 21765 10041 148 1002 1494 17199
1762 7377 506 21728 3565 3468 9619 5382 22370 9743 21224 5508 6568 1002 8479 3813
1762 16499 15406 21728 10104 3468 9619 23552 8661 20448 5663 14749 21911 11360 2576 12422
14537 16499 15406 21728 3347 17194 21076 23552 19195 7368 14721 7154 3358 19486 19058 17701
9520 6381 7350 11363 5400 11615 4648 12337 8732 7368 9707 12841 4804 21059 5095 12386
9520 15770 16775 11363 5400 11615 22483 19079 22832 12285 1927 14643 5756 19196 4735 20983
5773 17346 6258 89 8730 11615 3755 21852 4842 9011 9808 23016 21642 19196 13434 10128
5773 17346 2621 89 8141 7417 15551 21852 22892 18034 63 16261 6505 13883 13287 22953
1800 10976 1824 5580 10571 22465 6621 3577 5302 2024 14907 5198 19331 5472 12325 714
20351 16848 1824 2550 18609 9450 7340 22922 2569 12393 16779 12005 19002 23564 16221 14542
10096 16848 23512 12439 7274 8594 12169 2325 9369 19320 4388 866 13581 23564 703 6212
8726 8388 20891 22712 7274 20928 12617 937 20716 11517 17402 11727 4300 23564 11634 13429
5402 16055 10251 6537 7406 22132 17071 15359 18484 18234 17402 11727 20154 7985 11629 14504
6378 10481 7290 12126 8257 999 4429 19104 18484 22730 3894 12550 8817 7979 13394 21208
6378 10481 7290 12808 8257 999 11647 14386 13490 23654 14224 19042 8579 12688 20340 8287
6378 6103 8932 6099 18225 2467 9468 18971 6762 23340 1392 100 16953 21350 5299 8386
43 19337 8932 6099 10678 18150 4510 18172 3257 3969 17415 12036 22939 7366 6545 5570
43 15011 22388 15435 5671 13897 4510 18172 2835 18592 6239 4531 3590 1969 9516 23548
22911 8477 17119 15435 19432 21699 8502 4974 17651 15305 22702 4531 22128 19692 6860 12034
22911 7107 7001 4883 16535 4620 3791 3152 9464 11439 21113 8029 5227 19404 5735 19256
5070 4858 7001 4183 16535 6632 6272 6075 12133 22847 16784 14797 3953 6192 4857 16548
19021 20591 9796 7238 16535 8358 10355 9215 756 22847 7943 14797 7834 5313 11088 12597
19021 13948 2961 22264 16535 8358 10098 23648 1166 10310 7943 22622 13040 5313 21608 3935
21827 7470 23003 23161 7983 16536 23476 23648 13519 19576 17912 6580 13040 18748 17610 3398
6309 7470 6693 4736 14334 7681 23476 8978 12851 16657 2248 11739 16579 9761 14240 7489
5333 3219 9188 22062 7175 20513 4024 6267 2045 17206 16588 20798 15726 19448 6688 4615
6325 3219 9188 20628 3401 3270 5511 19150 18851 728 7811 20798 11408 2095 17703 11031
7980 5446 22602 11190 9985 12101 12698 7923 5860 1467 16878 21067 8373 16911 1964 3315
14984 15573 22602 20376 9985 22329 12698 22919 17664 7724 13695 21839 20493 16911 3613 10923
23135 19621 8734 8548 19536 12680 17977 22887 17664 18671 15794 7475 9111 8792 18669 16993
23135 19621 23167 13547 20357 12680 2752 9850 11613 4262 15794 19591 7320 1613 21201 17013
1165 10031 9732 14930 15918 14041 2752 864 16791 10134 23546 19591 5586 53 6218 22808
5267 10031 3648 20609 7692 14041 22171 864 1606 6926 22818 21943 5586 14361 21999 21939
22254 3646 19528 19996 7692 12397 17732 9299 10536 6926 3165 11743 18432 12274 4088 17088
14737 3646 19461 13484 14566 8212 5785 9299 6138 6817 17298 2950 6660 9385 9514 619
13994 9836 15315 13484 14566 2175 13688 9299 4561 22341 15819 11839 12709 5947 11840 13266
13994 2969 15315 15085 16982 2175 3669 14441 20620 1954 8062 21927 16929 9390 5073 324
2314 2969 5897 14669 15431 13286 2790 12548 3622 13250 8062 8647 4 12141 5073 11339
2314 11792 13681 14669 15431 11663 1296 2559 4950 22004 15869 227 7726 14658 4813 14302
6613 19374 13681 6593 18586 10850 16389 12129 22908 22411 7869 20227 17450 2891 21961 17780
10377 10211 16675 23419 18586 8887 18580 8796 2448 22970 1661 6015 16173 19574 5337 4399
10377 16605 10594 23600 6202 8887 6496 15428 19968 22970 1661 523 16173 13393 11571 9660
10301 171 10762 21702 5156 17302 6496 6549 7451 14409 13768 4228 1026 16106 1076 21124
10301 171 10762 18270 5194 16839 18160 6549 4178 20750 10334 6513 15492 20610 1420 261
6750 8470 16101 4378 13832 17631 9946 6549 21134 20750 16877 4173 14228 2303 14740 23460
6750 22013 16101 11993 13832 1408 7453 12879 6375 142 8058 21600 10156 16910 15500 14447
5844 8138 673 11985 20273 20955 12765 92 6375 17953 18538 14858 15028 18325 19214 11236
5844 8138 673 11985 20054 5140 20483 23360 7998 9199 18089 14858 20959 624 13055 18839
2133 21859 20118 19663 20054 16967 20092 21129 12199 17156 15909 22016 9153 20693 17713 10991
2133 12938 16431 6928 16451 11539 3339 10656 12491 3671 15909 15735 6880 19626 12979 1032
5294 3549 10502 6045 16451 21315 9407 13258 12491 19882 15909 15827 18086 22980 8505 19470
12991 7826 21750 6897 16451 12722 8638 19270 7397 10316 9359 1322 4192 1611 22560 17490
22684 12145 2855 13105 22843 14861 18728 12259 22981 10559 23078 8461 4231 6209 23014 16060
18546 14309 2855 23271 22843 18061 18728 22506 18434 12940 19768 3610 21821 11610 4944 11027
18546 14309 6717 4785 19245 18061 13789 6189 18404 12243 22010 22027 12115 11610 1597 21818
9763 4420 6717 4785 12382 3885 8303 6189 9670 15477 6839 2480 4737 6932 22221 9431
9763 12653 21938 15873 17466 15484 22810 5006 14355 15477 16889 6698 18804 23431 13052 22869
8804 1487 21637 6280 22439 20028 15142 5006 15079 15477 4760 22815 19307 12592 15670 15416
10282 1487 661 20682 4835 10920 20198 21132 15079 12904 892 14590 2591 9986 23231 5930
10282 10638 12785 20682 7122 2672 20198 19896 22212 15271 892 18768 18626 10288 21805 603
21742 10638 16143 7960 4685 13171 17655 10591 10962 11316 2106 14529 19447 6226 11862 1944
21742 21444 20667 738 3687 18384 21694 10591 16278 7559 12195 3275 13432 16426 7721 14716
10727 21444 15676 10895 1902 5438 21570 19163 16278 5573 19530 3369 22006 10016 4888 16549
9500 5028 752 10895 13587 19548 19798 19163 4256 14632 16289 6856 6798 12424 9315 12347
118 4047 14982 23200 17670 19548 19798 19163 548 10689 15442 19162 1324 10944 14003 13301
12776 8910 14982 23200 17670 11915 13343 14105 9905 10218 607 17344 23045 9990 21249 10345
12776 2861 17234 13364 9460 13643 15539 14105 9905 16466 12010 13706 1707 19052 3321 6723
12776 2861 17234 7521 4603 4351 17114 8003 3915 12118 9689 18640 5053 5783 17468 18151
2593 12681 10809 7521 4603 6519 11393 8003 5233 22713 3625 23467 10415 21157 16600 9924
18314 12681 17524 18357 3297 19243 8030 14637 2327 14106 12993 435 12124 3568 22667 12731
10032 23248 17524 18357 5042 21720 6662 17489 17569 1854 6345 4374 13902 11116 14800 22901
9003 3864 19760 23492 9029 16042 22741 4843 9712 6161 14450 6230 7467 13048 9797 1469
7491 15559 18391 23492 9029 6236 22741 14229 10587 2273 7473 22393 10210 14348 1008 698
22355 8937 19361 15557 16802 6236 10298 14102 18310 14629 16736 2280 4548 1551 13318 8883
22355 8937 529 11053 18107 14816 4454 14102 11405 13915 13436 13976 18280 20736 6357 23474
22479 5622 1832 2226 12891 5182 20230 12828 842 12448 22075 15916 14055 1238 17936 4979
9900 22094 1832 15141 7668 7373 9004 2824 23139 9881 22075 15916 14055 20903 10224 1974
9900 12658 1832 18826 19864 7801 15701 22790 18476 17931 15944 6633 1718 7464 1782 15995
4809 18661 22656 19713 19864 6666 18063 1956 18476 21806 16467 16592 18215 12622 12160 10101
4809 18661 21693 3102 2970 6666 2740 8129 6056 6619 337 11682 17341 3742 5953 22090
20271 18661 23421 20350 3641 3612 17602 10082 9557 6619 6339 15545 11717 19643 10935 2002
6751 12786 23421 21239 14039 3612 20104 5699 15000 21539 18283 3211 8713 13847 6072 1085
20046 12786 12138 21239 18422 17485 3085 19513 23628 15128 8784 20038 11920 23132 2579 21243
20046 18857 3649 683 4975 17485 19721 4670 21866 17103 6427 4147 21819 15636 7970 11733
12479 18857 12029 8516 5603 15908 14051 4670 8096 14666 16354 6456 7186 18330 15107 21817
3810 9017 12029 16933 247 8900 9338 17512 6835 18965 6978 9855 22528 5669 15196 9466
1522 17958 9314 16933 9742 22367 9338 8674 6835 18965 6978 8744 16813 20812 13969 23442
18070 12778 9314 16933 3210 22367 21365 12728 19637 3228 6978 16379 8113 22110 20607 22381
15227 15841 16136 19748 11688 8500 13468 12728 19637 14208 16380 9447 21286 9804 5588 18576
16198 15841 11528 14368 22175 1532 11836 5405 3295 13612 15747 7642 15067 12896 15974 23015
3199 3016 11528 14368 19287 19159 69 18742 2354 16963 15744 7642 15067 15528 19904 14908
3199 4296 9034 18433 19287 7232 1318 22623 8707 3399 10812 19060 20272 22410 15270 17136
20425 20613 7005 18433 6861 5606 1318 20004 8707 16477 250 21171 13243 18779 7363 6764
16416 11202 10257 23565 6861 19732 6555 19309 22825 16477 250 21171 13243 10467 3353 2618
13644 11202 10257 23565 13596 18208 19110 6143 22825 17530 6203 13305 19784 1764 18045 116
9694 9566 15962 5479 15204 18208 1313 6143 22825 5940 6203 18382 19784 12618 23646 12701
12103 9566 17676 3695 15204 2144 9321 21626 11186 10606 20883 6040 615 22595 14391 22384
5954 4198 17676 3695 15204 2144 9321 21626 19384 22292 5635 21205 23569 18415 9692 13396
5954 16099 11425 13971 13982 7413 20463 46 23521 22292 15945 90 23590 18415 22856 225
867 19841 18352 3951 7719 21899 20463 4487 13382 6425 19523 14786 17195 15320 23624 8993
6380 7266 18352 4261 12833 20745 21576 13033 1769 6425 3076 10068 4195 12972 5015 7153
6380 11133 3714 18324 12833 15769 18809 3744 23087 20173 23253 1898 21582 16661 14939 4690
15855 11133 1916 17932 20025 913 8593 21414 16142 11943 14801 14482 21582 22791 6306 5829
15855 22196 1916 15818 20252 913 21343 1565 23531 4656 15291 10518 18078 15349 933 9751
3715 18750 1112 8650 14237 7804 14170 1565 11708 10486 18211 18786 11731 18852 933 19039
18753 18750 1112 8650 17319 20153 19101 17640 19297 15503 21309 19260 5101 17693 5633 19800
9172 18750 21268 357 57 5471 8109 9878 342 5078 19424 20542 835 10734 5633 7624
298 18750 16000 8616 6902 12360 23383 2717 10422 15287 22641 21016 18524 9663 11544 15363
12045 20359 9144 6408 6902 13078 23539 13409 20222 19504 23101 7666 18492 23312 11860 4860
13151 5864 318 6408 14808 8012 6970 161 16635 10525 11040 16343 6008 11181 11860 2361
15831 5864 318 1564 14808 14248 19541 5718 17617 10525 13296 11023 1488 23257 14009 17960
21736 3699 2304 19296 3739 5330 9760 16716 17617 4154 10195 21361 7404 23381 8750 17556
21736 1116 6363 12899 4718 23030 8020 16716 16754 17836 3572 22415 9675 4150 1807 19708
21736 21478 6363 12899 10627 11810 2313 14852 22074 2510 2830 22415 6814 15440 6159 13176
18143 4734 6363 10893 495 704 6070 4113 269 12196 649 13656 19567 2864 13102 5882
8754 9019 20727 22067 22692 6607 1022 8292 12039 12196 19261 735 19970 883 17192 5304
5183 9019 8549 4793 22888 21092 14465 13399 15851 4972 2214 9649 21335 18622 17192 22356
9708 14062 17426 22834 4461 11807 2534 13399 9491 12157 3394 14058 21335 22052 6352 12947
8326 16456 9366 8669 7183 11807 2534 23122 9491 12157 9617 23165 17269 16009 3306 2671
19673 16456 9366 4063 7183 2122 20410 23551 12744 1890 23631 3513 14715 8668 23038 20550
11980 5127 7240 16936 9242 15999 1947 9313 12108 3666 2729 11560 17576 5170 14130 6643
2541 6240 9651 16936 13923 3564 17316 14200 10664 19127 9930 19525 9070 14750 7745 11156
6772 12999 21566 20732 14905 13152 9202 5568 20047 19127 13428 14389 5088 12122 19666 388
10179 5763 4901 9575 5046 10077 12633 11889 7155 17776 23265 16494 10338 8825 7823 11220
10179 15443 17816 9575 7471 10077 19725 12910 9062 17776 3899 20295 22665 8825 17581 846
3223 22406 3000 8325 200 19775 19725 20844 9898 2847 9425 14077 21925 1524 12925 8312
246 22242 15248 8325 200 19775 16132 9371 16844 2847 10679 18348 20205 12471 6853 11782
7055 5498 10008 690 19544 10731 6777 5242 10469 22263 10679 17184 15375 12471 13169 10253
4245 5498 10008 690 23448 22451 21212 8111 16795 8118 16522 10897 7547 9028 10818 9236
20677 6842 20528 1283 4800 22451 20954 8111 16553 10105 22048 3728 20511 16349 13018 3931
22707 6842 19590 1283 15278 16667 20954 3693 5738 20819 1840 3728 6177 11397 11825 14213
23410 23453 19590 10609 463 18507 15183 21144 16723 13401 21375 23451 56 11161 17190 20006
21272 11477 21313 22928 14443 18392 22788 356 5377 13955 21375 7415 13159 11161 22302 21526
9092 4978 21313 5339 18250 18392 4026 2556 1409 13955 11459 7196 3634 23154 38 16782
3118 4978 3854 4483 2153 20091 4026 2556 14417 3212 19793 18210 21102 23154 6066 2765
9196 4978 18822 22182 15138 22865 11592 8729 16293 2544 8492 15830 5165 20964 21161 15014
9196 4978 18822 19553 15138 19128 2348 22347 18412 20312 20847 20310 10884 10824 6722 10624
12271 5293 6488 19553 17376 3891 5728 14980 18412 20312 614 23114 10884 13812 4609 12551
12271 434 276 19553 9811 11687 5728 12530 11029 22 11820 23562 6005 22321 3977 14593
15635 434 8437 21752 9811 4683 9434 10235 22471 15272 1153 2723 7014 478 13849 22265
3762 3471 12224 15758 9811 17768 20683 18362 12749 21034 3072 2370 3918 9104 5261 1783
3762 5497 23436 17053 21105 6020 13047 17222 14725 14314 13219 9587 15748 6822 16560 18620
6093 1563 510 17786 22982 6020 20 4172 4687 5547 206 13045 12560 12348 13488 15464
6093 3888 2070 17786 22982 6646 8962 2485 20685 11909 6365 9636 21814 16850 12926 20030
2114 8088 2070 23284 16063 9422 8463 21528 20409 11909 22663 22480 15473 16850 12926 13391
4407 14029 10597 4908 2087 10660 10182 746 20409 987 17202 15438 7091 16850 5235 2281
4407 3948 21931 4908 13567 8452 405 746 9513 6392 12420 7601 2079 14802 20419 8757
22375 2246 21931 17680 13567 8452 405 13746 15705 3328 16344 2258 2779 13135 14451 23528
22375 19024 12487 16906 11830 3580 17504 21123 11882 21620 4708 15071 19393 3740 2358 2941
17822 2967 11548 223 22201 14915 5319 6584 19435 21620 4708 1178 17523 11365 20103 421
17822 2975 11548 19169 8190 16184 18259 10024 23684 7474 985 5758 9959 18718 3735 10702
19570 2975 11548 12534 5418 15186 10047 10258 16154 19257 22886 16852 7598 7126 20838 11051
19570 22778 10419 15256 6609 551 4205 537 11401 6031 16965 16852 23480 10455 21908 8595
14022 7328 10419 20577 8929 10842 15102 11395 5502 17571 20940 22745 1374 21362 3911 4637
1124 16746 194 18882 8929 10842 2804 17406 5502 1721 4073 7151 19724 21362 15382 1361
10925 18213 7429 20830 11594 10842 15629 6502 7852 3516 4073 4810 184 19072 11412 7621
4501 7331 663 11218 12135 13818 18795 22314 5365 17706 311 4141 184 22366 17180 4096
4753 12816 20666 11218 19744 18512 21984 2491 5365 16093 1185 5525 10341 10845 14017 9103
4753 17092 19264 16646 16757 2177 21984 11122 19685 11679 1185 23174 2051 3639 4329 13471
4753 9659 19264 16646 5649 12517 20309 18145 1502 11633 18414 13049 10816 3784 21652 10605
8727 9659 9139 22910 11164 15386 20309 21457 13703 20297 11152 7066 18954 2283 9614 15127
8727 10400 4222 9205 15659 2455 9701 9922 1 18670 22551 3442 2229 7246 23334 10312
8727 19478 18477 16471 15659 1144 5928 2331 16504 22203 9764 12995 3236 21254 8832 10448
21599 2570 18477 4977 4358 12458 16485 4496 16735 18523 7967 23640 2696 21045 20882 20828
3682 20086 18477 19519 2775 6275 16485 18788 16735 398 1614 23469 780 12078 6190 4058
3682 20086 13207 19519 19583 5447 873 16150 20824 11607 14081 22632 18307 448 2234 14163
7503 4102 14198 7554 19583 17662 18631 19254 8026 11607 11182 2272 1023 8423 23553 6023
7503 4102 23485 7554 23049 13893 10409 149 8026 11374 21530 12302 2549 8013 2108 16215
14048 13240 10370 21992 16244 8356 23159 149 425 11374 20353 13293 539 20225 1097 20658
14048 4923 23221 15357 16244 1691 5492 11989 23099 1984 15920 20579 5401 23687 1738 11065
11519 4923 7895 15357 15707 307 23186 15147 3126 15913 19881 3473 6407 9705 15987 21256
11519 19036 22151 12063 5517 17733 15665 15147 9195 7727 23073 10960 15111 23610 19976 4849
2758 16921 19112 12063 12419 17733 11016 127 8712 6602 23073 9031 12308 4954 15773 22299
5280 19927 16846 982 12419 16503 21883 21793 8712 23212 10633 10946 16281 22011 18167 5149
15262 4428 2844 982 13802 9469 13795 5803 8712 12098 11491 22613 18403 21845 11972 6400
13185 4533 10866 6444 13802 16463 6412 6628 16563 11558 9025 2345 12920 15521 22167 22492
13185 4533 8866 6444 22305 14318 10579 9416 7483 21322 18246 17086 7216 11570 18772 14539
10576 15206 8866 22438 8926 18224 20169 9416 1460 17323 22969 18591 21622 10780 6257 4512
10576 2291 10256 22438 9435 11624 17510 16576 1634 781 23233 21385 3704 14008 8178 6929
6458 19498 22931 7562 22813 22029 21039 8685 20433 12119 23233 3335 13571 8809 3681 8240
14902 637 3849 11437 22813 19823 16439 8685 20433 12523 14013 7908 20000 2700 20544 19665
15868 637 3849 4068 22813 20424 2173 3248 15989 1759 23459 23613 8738 11690 13155 20107
4212 497 71 6494 15889 9255 2118 2508 10320 10036 19958 17365 19890 19587 7120 3435
4212 10014 21241 6494 21381 153 17592 10358 18617 8495 15778 22561 14165 19990 3660 14736
12928 21264 9009 6494 4310 383 19371 4285 10552 3882 17191 20573 21537 20349 12054 8963
1635 4602 9009 8944 8431 19572 20284 2542 4190 3882 17191 19168 23203 20780 6300 18308
19185 4602 9009 8944 22801 12604 16632 3312 14992 3806 23224 7676 16188 8785 6372 16648
5831 4602 9009 16378 22801 21967 16632 14936 14992 1604 1297 7676 15059 18901 19632 11512
18361 4602 8123 22946 22801 11834 20498 8840 6923 23230 14184 7676 16480 919 20696 14278
16134 14321 21548 268 22801 19241 16102 3142 2615 5394 15593 4542 9576 22161 7207 19038
8116 11060 6913 13292 10726 18491 6784 3142 2615 17378 21960 8291 15547 1638 6575 22670
22380 8196 19279 3683 14281 3105 16034 17527 13821 21558 8588 8291 13265 8417 6472 1162
22380 7222 14764 10090 14281 9722 22486 22426 21079 2218 16943 18498 20184 23370 22857 10074
10302 7222 18074 19099 21053 4814 11231 7135 22872 1110 11452 13782 20184 15288 21019 8464
10302 18262 4986 19099 5509 17962 11231 5291 23066 22162 23337 5109 7383 2423 19200 1356
10302 13970 9368 6046 19909 10585 14459 1651 710 21047 14825 6731 7063 5397 13762 13936
12446 13970 11877 19236 19305 2430 1932 7959 10220 19469 16994 21289 18060 19481 2073 16057
22020 13080 16703 3091 19305 2430 21186 21447 11427 3226 2586 20575 12669 22893 3082 21395
18907 19599 2006 486 21012 16975 5915 12014 10300 10588 382 6379 13120 21320 11069 7755
18907 20470 9849 486 2688 4726 6057 1386 17249 1363 8025 3793 4750 15393 901 11383
18907 16899 17577 21535 9928 14927 244 16853 4508 1186 17572 8459 17992 8911 18603 22140
