20 20 10
10 7 5 9 4 4 4 2 9 8 5 3 6 4 3 9 5 2 4 3
2 1 1 4 6 1 7 7 8 1 6 1 8 3 6 7 3 8 10 6
2 6 8 2 7 9 8 3 6 6 6 7 4 1 8 10 8 10 3 9
9 4 7 9 1 6 1 1 5 7 3 7 10 9 10 6 1 10 7 10
3 5 8 7 5 1 8 9 5 8 7 5 2 3 10 9 1 10 10 8
7 5 8 2 10 1 7 9 7 4 10 3 7 9 5 2 5 10 8 6
3 1 1 10 10 8 6 5 4 6 7 7 4 10 2 4 10 7 2 6
10 8 4 10 9 10 3 3 5 6 8 5 8 4 6 6 9 2 9 9
8 1 7 4 10 4 10 3 9 4 5 7 6 2 2 10 8 7 1 4
1 9 2 4 10 2 9 10 1 7 6 4 7 5 9 9 9 1 6 5
10 9 10 5 2 1 6 2 3 9 10 7 8 2 5 5 9 7 8 10
6 1 2 6 5 3 5 7 7 1 5 1 9 1 6 6 10 3 4 1
9 6 5 1 5 1 2 5 9 8 8 2 5 8 10 9 1 8 9 8
4 2 4 7 4 3 3 9 7 8 9 3 6 1 2 2 3 2 7 5
4 6 3 7 8 6 3 4 7 6 4 9 6 2 4 9 10 8 4 9
9 4 7 4 3 10 3 9 4 10 3 2 8 5 4 8 2 2 2 1
3 3 3 2 4 3 1 1 9 1 3 1 3 2 3 10 8 10 3 3
6 7 2 1 8 1 6 1 2 8 7 4 8 1 5 6 10 7 8 3
2 3 2 4 5 1 5 9 9 10 5 2 6 8 4 6 6 4 6 6
8 3 7 6 10 4 8 2 2 5 3 1 5 3 5 7 2 4 5 5
